E072   23   9 10.2793   121  13  3.7546   451.354
M002   23  35 57.5870   120  13  0.1495   27.433
M007   23  45 22.2712   120  46 27.9140   765.570
M036   24   0 46.5697   121   7 36.4327   1267.989
M048   24  33 21.4809   120  50 46.6952   176.515
N004   25   5 34.7994   121  51 56.1843   759.292
N022   24  41 33.5703   121  18 13.0765   1935.879
N028   24  47  8.3526   120  56 38.0785   118.622
S049   21  58  6.0621   120  46 44.0512   347.832
S058   22  12 50.1827   120  41 27.1631   218.198
