86400 28 86400 86400 -0.000509230419993 -1.06865627458e-11 0 2 0.00045895203948 5153.76512337 4.84841624171e-09 -1.64402104108 1.41070250268 1.50041663268 0.960872015399 -8.00997650482e-09 2.7322566666e-10 5.17070293427e-06 3.40864062309e-07 1.86264514923e-09 -1.86264514923e-09 4.03125 276.28125 211
86384 25 86384 86384 0.000498052220792 -4.54747350886e-13 0 2 0.0122236867901 5153.69212914 4.82591530446e-09 -1.34629567926 1.10347644175 2.55873059018 0.949312346875 -7.9053292887e-09 -5.75738267524e-10 8.90530645847e-06 7.69272446632e-07 2.57045030594e-07 2.40281224251e-07 10.90625 201.40625 6
86400 32 86400 86400 -0.000558392610401 6.13908923697e-12 0 2 0.00814823771361 5153.76793289 3.9615935877e-09 3.01642516183 -2.12165989236 0.473793228784 0.963732466434 -7.39245078239e-09 7.01457789961e-10 1.15185976028e-05 -2.84239649773e-06 -3.35276126862e-08 3.72529029846e-09 -55.75 156.46875 108
86400 12 86400 86400 -0.000558595173061 -2.38742359215e-12 0 2.8 0.0089350406779 5153.77815628 4.5380461707e-09 -1.15434110273 1.46182267839 2.64754150725 0.961317324737 -7.84639826255e-09 -5.60380484954e-10 9.89064574242e-06 1.43237411976e-06 2.1792948246e-07 -8.19563865662e-08 23.6875 195 178
86400 15 86400 86400 0.000240043736994 4.54747350886e-12 0 2 0.0161414286122 5153.74148941 4.71841082646e-09 1.32576595006 1.38319552467 0.325363888346 0.937720352251 -8.09283709915e-09 4.38946855327e-10 1.10976397991e-05 -3.97861003876e-06 -3.07336449623e-07 -2.25380063057e-07 -73.03125 159.46875 63
86400 23 86400 86400 0.00038430839777 7.73070496507e-12 0 2 0.0049569135299 5153.62901688 3.87766152017e-09 -0.818834563426 -2.87811476284 -0.589035273421 0.982368487682 -7.82818321811e-09 -3.39299847486e-10 5.71459531784e-06 -8.02427530289e-06 -4.842877388e-08 1.41561031342e-07 -151.90625 282.8125 175
86400 18 86400 86400 -0.000660248566419 4.54747350886e-13 0 2 0.00480254297145 5153.71764183 4.52054544172e-09 0.296720116201 -2.93366587164 -1.59141022499 0.973960442093 -8.44142304772e-09 -7.1074389105e-11 -1.14925205708e-06 1.11758708954e-06 -1.30385160446e-08 6.51925802231e-08 22.90625 404.75 169
86400 24 86400 86400 -0.00047313561663 3.06954461848e-12 0 2 0.0163842639886 5153.67865562 5.59916179899e-09 0.44958970413 1.03886329276 1.43053504755 0.933598285053 -8.65857495012e-09 2.24295057075e-10 5.40353357792e-06 7.48783349991e-07 1.41561031342e-07 -2.14204192162e-07 15.25 263.625 61
86400 10 86400 86400 -0.000236047431827 -1.54614099301e-11 0 2 0.0100692984415 5153.69264984 3.56086260993e-09 -1.98982944219 -2.34334389009 -0.559074390778 0.98727390655 -7.58138722378e-09 -2.14294640518e-10 6.07036054134e-06 -9.17166471481e-06 -1.08033418655e-07 5.96046447754e-08 -177.46875 274 50
93600 12 93600 93600 -0.000558611936867 -2.38742359215e-12 0 2.8 0.00893395580351 5153.77539825 4.50804492102e-09 -0.104331145171 1.46193096505 2.6474846129 0.961313187604 -7.89425739894e-09 -5.74666794321e-10 9.89995896816e-06 4.99188899994e-07 8.19563865662e-08 -1.76951289177e-07 13.34375 193.84375 179
93600 15 93600 93600 0.000240076798946 4.54747350886e-12 0 2 0.0161418890348 5153.74146271 4.55340395327e-09 2.37589819587 1.38320269882 0.32530777666 0.937725552925 -7.60853121158e-09 3.98945189097e-10 1.05518847704e-05 -4.17046248913e-06 -1.37835741043e-07 2.53319740295e-07 -79.75 160.9375 64
93600 23 93600 93600 0.000384364277124 7.73070496507e-12 0 2 0.00495862320531 5153.63209915 3.94266422779e-09 0.231362995826 -2.87810876195 -0.589092030253 0.98236542872 -7.94497379719e-09 -3.58943522867e-10 4.89689409733e-06 -7.67968595028e-06 3.16649675369e-08 3.72529029846e-08 -144.8125 295 176
93600 18 93600 93600 -0.00066024530679 4.54747350886e-13 0 2 0.00480403052643 5153.72187042 4.52375986133e-09 1.34652654236 -2.93331942192 -1.59147113944 0.973959968108 -8.44499462507e-09 -3.14298806093e-11 -5.92321157455e-07 2.0507723093e-06 6.14672899246e-08 1.04308128357e-07 36.625 396.65625 170
93600 28 93600 93600 -0.000509307719767 -1.06865627458e-11 0 2 0.000459167873487 5153.76577759 4.80698594455e-09 -0.593285680959 1.41009425791 1.50035894251 0.960873965469 -8.01319092442e-09 2.72511351192e-10 5.22285699844e-06 4.07919287682e-07 1.86264514923e-09 -7.45058059692e-09 6.28125 277.75 212
93600 10 93600 93600 -0.000236158724874 -1.54614099301e-11 0 2 0.0100694340654 5153.68478012 3.83908848487e-09 -0.940079957189 -2.34292743974 -0.559128710389 0.987270961696 -7.81282543554e-09 -3.60372153804e-10 6.00144267082e-06 -7.71693885326e-06 1.63912773132e-07 1.67638063431e-07 -146.75 275.84375 51
93600 25 93600 93600 0.000498048961163 -4.54747350886e-13 0 2 0.0122232045978 5153.69138527 4.8984183245e-09 -0.293796592916 1.10348326627 2.55867209393 0.949307114017 -8.17391190481e-09 -5.53951645738e-10 9.25175845623e-06 3.48314642906e-07 1.82539224625e-07 -5.77419996262e-08 5.71875 201.375 7
93600 24 93600 93600 -0.000473113264889 3.06954461848e-12 0 2 0.0163849510718 5153.68079376 5.51737267786e-09 1.49972090542 1.03891715301 1.43047229129 0.933600283399 -8.52535511526e-09 3.07512809143e-10 5.71459531784e-06 3.3900141716e-07 -8.38190317154e-08 -3.89292836189e-07 9.90625 257.96875 62
93600 32 93600 93600 -0.00055834883824 6.13908923697e-12 0 2 0.00814928999171 5153.76541138 4.03552523868e-09 -2.21676150346 -2.12153925136 0.47374059738 0.963737238473 -7.39137930919e-09 5.89310261424e-10 1.10827386379e-05 -2.6524066925e-06 -1.82539224625e-07 7.45058059692e-09 -51.5625 168.09375 109
93600 31 93600 93600 -0.000219890847802 6.8212102633e-13 0 2 0.0107148177922 5153.58759689 5.07485424519e-09 -0.439291316761 0.784491985126 1.55350456195 0.95372777011 -8.29427406124e-09 2.25009372544e-10 5.15952706337e-06 5.68106770515e-07 1.52736902237e-07 3.16649675369e-08 5.375 275.78125 76
93584 12 93584 93584 -0.000558611936867 -2.38742359215e-12 0 2 0.00893395603634 5153.77539444 4.50804492102e-09 -0.106664985196 1.46193124154 2.64748471969 0.961313193456 -7.89425739894e-09 -5.74666794321e-10 9.89995896816e-06 4.99188899994e-07 8.19563865662e-08 -1.76951289177e-07 13.34375 193.84375 16
86400 29 86400 86400 -0.000555606093258 3.18323145621e-12 0 2 0.00288539438043 5153.73865509 4.22589031101e-09 2.25861610612 2.65458833097 -2.58253594657 0.968666170823 -7.85497004817e-09 6.85742849656e-11 7.40773975849e-06 8.13975930214e-06 6.33299350739e-08 6.89178705215e-08 154.5625 241.875 45
93600 29 93600 93600 -0.000555583275855 3.18323145621e-12 0 2 0.00288464641199 5153.74039459 4.15981613018e-09 -2.97465742871 2.65481472924 -2.58259269901 0.968667209495 -7.78389565907e-09 1.43577409147e-10 7.76909291744e-06 7.82869756222e-06 1.67638063431e-08 -4.09781932831e-08 148.46875 235.90625 46
93584 26 93584 93584 -1.04322098196e-05 -1.40971678775e-11 0 2 0.00972107925918 5153.73984909 5.2420040648e-09 -1.07135165019 0.59535264669 2.49243848082 0.93000679191 -8.17426906255e-09 -5.50022910662e-10 8.18260014057e-06 3.53902578354e-08 3.53902578354e-08 2.51457095146e-07 -0.28125 200.09375 9
100784 12 100784 100784 -0.000558628700674 -2.38742359215e-12 0 2 0.00893424090464 5153.77593994 4.43839916285e-09 0.943446080488 1.46193804997 2.64742827153 0.961308536988 -7.90104339589e-09 -6.71099382554e-10 9.75653529167e-06 5.71832060814e-07 -6.89178705215e-08 -1.41561031342e-07 12.8125 191.6875 17
100800 26 100800 100800 -1.05341896415e-05 -1.40971678775e-11 0 2 0.00972147518769 5153.74100685 5.27164815673e-09 -0.018819687687 0.595299434508 2.49237878791 0.930001930633 -8.35749098019e-09 -5.72881005651e-10 8.19563865662e-06 -6.70552253723e-08 1.37835741043e-07 6.14672899246e-08 -3.34375 204.6875 10
100800 23 100800 100800 0.000384419690818 7.73070496507e-12 0 2 0.00495867081918 5153.63131905 4.02552482212e-09 1.28169662987 -2.87824028999 -0.589149323977 0.982362849596 -7.95104547867e-09 -3.47157317639e-10 4.61563467979e-06 -7.39842653275e-06 4.09781932831e-08 4.47034835815e-08 -144 303.09375 177
100800 28 100800 100800 -0.000509384553879 -1.06865627458e-11 0 2 0.000459710950963 5153.76681519 4.82662961993e-09 0.45701694507 1.40991789729 1.50030140594 0.960875859948 -8.00926218935e-09 2.44653047924e-10 5.53950667381e-06 5.49480319023e-07 -3.16649675369e-08 -1.86264514923e-08 8.5625 274.5625 213
100800 10 100800 100800 -0.000236269552261 -1.54614099301e-11 0 2 0.0100719522452 5153.69014359 3.86837541908e-09 0.110212014407 -2.3430516488 -0.559186065556 0.98726767013 -7.99247577584e-09 -3.45014371233e-10 5.18187880516e-06 -7.00913369656e-06 8.38190317154e-08 -5.96046447754e-08 -134.28125 291.59375 52
100800 25 100800 100800 0.000498046167195 -4.54747350886e-13 0 2 0.0122231468558 5153.69138145 4.80448584041e-09 0.756357614222 1.10350129527 2.55861433208 0.949302636025 -8.12748139937e-09 -7.28958935494e-10 9.0915709734e-06 4.65661287308e-08 0 -1.88127160072e-07 2.5625 199.875 8
100800 31 100800 100800 -0.000219885725528 6.8212102633e-13 0 2 0.0107152974233 5153.58853722 5.00520848702e-09 0.610936927198 0.784500433478 1.5534456283 0.953729326655 -8.21962809479e-09 1.15004790411e-10 5.3197145462e-06 6.63101673126e-07 1.39698386192e-07 -1.52736902237e-07 8.53125 274.4375 77
100800 29 100800 100800 -0.000555560458452 3.18323145621e-12 0 2 0.00288602884393 5153.7375412 4.1548159219e-09 -1.92476603188 2.6550621833 -2.58264875949 0.968668249629 -7.78746723641e-09 1.50006248362e-10 8.56071710587e-06 7.72997736931e-06 -5.58793544769e-09 -3.16649675369e-08 148.6875 223.875 47
100800 32 100800 100800 -0.000558304600418 6.13908923697e-12 0 2 0.00814980978612 5153.76606178 4.21838999859e-09 -1.16658819646 -2.12159080752 0.473687749465 0.963739589382 -7.70032074927e-09 3.89659088008e-10 1.06729567051e-05 -2.76602804661e-06 1.65775418282e-07 1.73225998878e-07 -52.28125 177.09375 110
100784 29 100784 100784 -0.000555557664484 3.18323145621e-12 0 2 0.00288602651563 5153.73755074 4.1548159219e-09 -1.92709877179 2.65506119583 -2.58264864392 0.968668237926 -7.78746723641e-09 1.50006248362e-10 8.56071710587e-06 7.72997736931e-06 -5.58793544769e-09 -3.16649675369e-08 148.6875 223.875 1
100800 16 100800 100800 -0.000102165620774 9.54969436862e-12 0 2 0.0143859911477 5153.66360474 4.40482633584e-09 -0.845382566446 0.861098361826 2.66503835418 0.960694028008 -7.89604318761e-09 -5.73595321119e-10 9.22009348869e-06 1.25914812088e-06 3.05473804474e-07 1.4528632164e-07 18.9375 200.21875 42
100784 3 100784 100784 0.00062551163137 8.64019966684e-12 0 2 0.00566064822488 5153.6169529 3.83801701167e-09 1.10807024883 1.14862313674 -0.556659979077 0.987642307358 -7.89247161027e-09 -3.12155859687e-10 5.52088022232e-06 -8.25151801109e-06 7.63684511185e-08 -1.22934579849e-07 -157.65625 287.125 6
100800 27 100800 100800 -3.41408886015e-05 3.41060513165e-13 0 2 0.0130105444696 5153.6896019 4.24553398639e-09 -1.76946010164 0.803693102369 -2.66782091946 0.959476011193 -7.6860344399e-09 1.69292766009e-10 8.1192702055e-06 7.37421214581e-06 -1.43423676491e-07 1.67638063431e-07 145.46875 220.125 42
107984 3 107984 107984 0.000625574029982 8.64019966684e-12 0 2 0.00566020712722 5153.61553574 3.78980071755e-09 2.15841952878 1.14848568096 -0.556716579377 0.987641131172 -7.70674958848e-09 -2.45010205659e-10 5.38304448128e-06 -7.86781311035e-06 -1.28522515297e-07 -5.21540641785e-08 -148.5625 287.84375 16
108000 26 108000 108000 -1.06357038021e-05 -1.40971678775e-11 0 2 0.00972113653552 5153.74040222 5.25164732362e-09 1.03133025943 0.595294368423 2.49231986596 0.929997519935 -8.26498712703e-09 -7.32530512836e-10 8.29249620438e-06 -1.58324837685e-07 7.45058059692e-08 -1.47148966789e-07 -6.3125 204.53125 33
108000 27 108000 108000 -3.41380946338e-05 3.41060513165e-13 0 2 0.0130102139665 5153.69141006 4.27767818247e-09 -0.719206209803 0.803606519563 -2.66787640063 0.959475431877 -7.99997608826e-09 2.89297764699e-11 8.53650271893e-06 7.21029937267e-06 2.44006514549e-07 1.50874257088e-07 134.09375 216.53125 43
108000 28 108000 108000 -0.000509461387992 -1.06865627458e-11 0 2 0.000459792325273 5153.76704025 4.87270296764e-09 1.5069488267 1.41011224303 1.5002437816 0.96087745014 -8.0306916534e-09 2.2215211067e-10 5.5730342865e-06 3.48314642906e-07 -1.67638063431e-08 1.86264514923e-08 7.71875 274.34375 214
108000 10 108000 108000 -0.000236380845308 -1.54614099301e-11 0 2 0.0100704879733 5153.6867733 4.01159567049e-09 1.16047879455 -2.34315054791 -0.559243735249 0.987265237297 -7.99068998717e-09 -3.22870591713e-10 4.93414700031e-06 -7.1469694376e-06 1.02445483208e-07 -7.07805156708e-08 -138.5625 303.59375 53
108000 31 108000 108000 -0.000219880137593 6.8212102633e-13 0 2 0.0107155570295 5153.58975029 5.06985403691e-09 1.66111903804 0.784554719442 1.55338647082 0.95373000106 -8.17712632442e-09 1.01075638777e-10 5.80213963985e-06 2.04890966415e-07 -5.58793544769e-09 -2.16066837311e-07 5.59375 271.09375 78
107984 29 107984 107984 -0.000555534847081 3.18323145621e-12 0 2 0.00288616330363 5153.74194336 3.98552315589e-09 -0.876150772134 2.65425014088 -2.58270467076 0.968669300004 -7.79032449828e-09 1.3536278126e-10 8.80286097527e-06 8.14907252789e-06 -3.91155481339e-08 -2.79396772385e-08 161.8125 212.75 2
108000 16 108000 108000 -0.000102096702904 9.54969436862e-12 0 2 0.0143849509768 5153.66156387 4.42518432669e-09 0.204787778142 0.861114869394 2.66498112776 0.96068960707 -7.94854537453e-09 -6.18240037893e-10 9.48831439018e-06 7.82310962677e-07 2.86847352982e-07 -1.08033418655e-07 11.59375 198 44
108000 32 108000 108000 -0.000558260828257 6.13908923697e-12 0 2 0.00814958312549 5153.76621246 4.30482217027e-09 -0.116412888195 -2.12164404164 0.473631479784 0.963741878849 -7.83568353053e-09 4.02159608705e-10 1.04028731585e-05 -2.94297933578e-06 1.02445483208e-07 1.86264514923e-09 -57.15625 182.34375 111
108000 25 108000 108000 0.000498042907566 -4.54747350886e-13 0 2 0.0122232757276 5153.69129562 4.70841040991e-09 1.80653653297 1.10349454829 2.55855552716 0.949298358453 -7.92711591048e-09 -6.34312135932e-10 9.13068652153e-06 -1.11758708954e-08 -2.84984707832e-07 -1.78813934326e-07 2.8125 197.75 11
108000 4 108000 108000 0.000496617984027 6.13908923697e-12 0 2 0.00319577718619 5153.6831913 4.11017120513e-09 -1.10872257424 -2.98514778311 0.519268051907 0.966633276453 -7.55638618239e-09 4.69662420468e-10 1.09542161226e-05 -2.44565308094e-06 -1.43423676491e-07 1.49011611938e-08 -44.4375 171.53125 46
108000 8 108000 108000 0.000439539086074 8.98126018001e-12 0 2 0.0101571979467 5153.73055649 4.4001832853e-09 -0.795785368912 0.390243009016 -2.69608201418 0.950435743612 -8.00926218935e-09 1.71435712414e-11 8.350238204e-06 6.69807195663e-06 2.79396772385e-08 2.21654772758e-07 126.75 210.78125 76
111584 28 111584 111584 -0.00050950050354 -1.06865627458e-11 0 2 0.000459835748188 5153.766716 4.87841749138e-09 2.03005578923 1.40973488624 1.50021504404 0.960878313261 -8.01497671309e-09 2.21437795202e-10 5.59911131859e-06 3.42726707458e-07 -1.11758708954e-08 3.91155481339e-08 7.53125 272.9375 215
108000 18 108000 108000 -0.000660238321871 4.54747350886e-13 0 2 0.00480397476349 5153.72014809 4.48911556111e-09 -2.83600780242 -2.93366420831 -1.59159247971 0.973961868438 -8.31784647169e-09 1.63221084528e-10 -7.45058059692e-07 2.77534127235e-06 -3.72529029846e-08 -1.26659870148e-07 53.53125 404.96875 173
107984 9 107984 107984 0.000489028170705 1.61435309565e-11 0 2 0.00315069907811 5153.55108643 4.24231956678e-09 -0.234529846275 2.02763174129 0.45821527686 0.960452276407 -7.68174854709e-09 4.7323399781e-10 1.11553817987e-05 -3.10875475407e-06 -6.89178705215e-08 -1.15483999252e-07 -57.65625 163.78125 2
115200 8 115200 115200 0.000439603347331 8.98126018001e-12 0 2 0.0101556651061 5153.72750282 4.44947105261e-09 0.254314120701 0.390289926262 -2.69613979798 0.950435635356 -8.03676333488e-09 -1.42863093678e-11 9.00402665138e-06 6.6664069891e-06 1.54599547386e-07 1.58324837685e-07 124.75 199.375 84
115200 3 115200 115200 0.000625636428595 8.64019966684e-12 0 2 0.00565978873055 5153.61676025 3.84337437768e-09 -3.07233307928 1.1485974596 -0.556772617917 0.98763933032 -7.75425156713e-09 -1.80721813503e-10 5.02169132233e-06 -7.4990093708e-06 -1.39698386192e-07 7.264316082e-08 -144.96875 294.375 75
115184 9 115184 115184 0.000489144120365 1.61435309565e-11 0 2 0.00315075274557 5153.55143738 4.26982071231e-09 0.815576027512 2.02778014701 0.458160073646 0.960455300258 -7.71603568957e-09 4.16445918073e-10 1.08275562525e-05 -3.25404107571e-06 -8.19563865662e-08 -9.31322574615e-09 -59.4375 170.125 60
115200 4 115200 115200 0.000496662221849 6.13908923697e-12 0 2 0.0031973386649 5153.68654442 4.14588697855e-09 -0.0582852178476 -2.98541389084 0.519213565523 0.966635928724 -7.67460539241e-09 4.1108855206e-10 1.03730708361e-05 -2.91131436825e-06 0 3.16649675369e-08 -52.53125 181.5625 47
115200 26 115200 115200 -1.07372179627e-05 -1.40971678775e-11 0 2 0.00972123933025 5153.74043274 5.26629079072e-09 2.08147402134 0.5952962117 2.4922601555 0.9299924992 -8.18605526777e-09 -6.93600319809e-10 8.45454633236e-06 -3.70666384697e-07 -7.264316082e-08 -1.97440385818e-07 -5.8125 203.0625 43
115200 18 115200 115200 -0.00066023459658 4.54747350886e-13 0 2 0.00480398826767 5153.71959114 4.47590072495e-09 -1.78593775696 -2.93358180652 -1.59165323909 0.973963166047 -8.39249243814e-09 2.53581991279e-10 -1.11944973469e-06 2.55927443504e-06 -7.264316082e-08 7.45058059692e-09 53.40625 409.4375 174
115200 27 115200 115200 -3.41357663274e-05 3.41060513165e-13 0 2 0.0130108225858 5153.69230461 4.22339020687e-09 0.330905536138 0.803663737215 -2.66793386844 0.959475516727 -7.98390399022e-09 -4.75019786481e-11 9.08598303795e-06 7.44499266148e-06 2.60770320892e-07 -9.12696123123e-08 141.28125 205.8125 51
115200 28 115200 115200 -0.000509539153427 -1.06865627458e-11 0 2 0.00046004273463 5153.76614189 4.89163232755e-09 2.55796604139 1.40922163898 1.50018616311 0.960879161754 -7.99711882638e-09 2.12151694112e-10 5.62518835068e-06 2.88709998131e-07 1.67638063431e-08 3.53902578354e-08 5.3125 271.875 216
115200 31 115200 115200 -0.000219875015318 6.8212102633e-13 0 2 0.0107154378202 5153.59031487 5.01592321905e-09 2.71132810606 0.784581543508 1.55332821157 0.95373198624 -7.93425906517e-09 1.41077305007e-10 5.34392893314e-06 -1.11758708954e-08 -1.52736902237e-07 -1.86264514923e-09 3.96875 272.8125 86
115200 16 115200 115200 -0.000102027785033 9.54969436862e-12 0 2.8 0.0143854473718 5153.6630249 4.43732768965e-09 1.25493393192 0.861155447815 2.66492509068 0.960684232309 -7.91390107432e-09 -8.27891627867e-10 9.97819006443e-06 6.25848770142e-07 1.49011611938e-08 -2.23517417908e-07 9.71875 192.65625 109
115200 32 115200 115200 -0.000558216590434 6.13908923697e-12 0 2 0.00815044261981 5153.76855659 4.28696428356e-09 0.933576712863 -2.12151071275 0.473575085755 0.963744738854 -7.81389690874e-09 4.16445918073e-10 1.1071562767e-05 -3.23168933392e-06 1.37835741043e-07 -7.264316082e-08 -64.1875 171.5625 112
115184 3 115184 115184 0.000625635497272 8.64019966684e-12 0 2 0.00565979012754 5153.61676216 3.84337437768e-09 -3.07466675985 1.14859733818 -0.556772500884 0.987639337634 -7.75425156713e-09 -1.80721813503e-10 5.02169132233e-06 -7.4990093708e-06 -1.39698386192e-07 7.264316082e-08 -144.96875 294.375 17
115184 16 115184 115184 -0.000102027785033 9.54969436862e-12 0 2 0.0143854470225 5153.66302299 4.43732768965e-09 1.25260016211 0.861155462444 2.6649252121 0.960684251327 -7.91390107432e-09 -8.27891627867e-10 9.97819006443e-06 6.25848770142e-07 1.49011611938e-08 -2.23517417908e-07 9.71875 192.65625 18
115200 21 115200 115200 9.63606871665e-05 2.50111042988e-12 0 2 0.0257554614218 5153.62236214 4.96270671665e-09 0.0766200974089 -0.478654828866 -1.70417061636 0.960586667376 -8.9007278939e-09 2.02508435289e-10 4.54485416412e-07 3.11061739922e-06 -2.57045030594e-07 2.421438694e-07 63.625 370.03125 176
115200 7 115200 115200 -1.54539011419e-05 1.25055521494e-12 0 2 0.0188492205925 5153.75510406 5.03878131404e-09 -2.50777945172 -2.08857919062 1.53095118548 0.949818655508 -7.84104089654e-09 3.02512600864e-10 5.18374145031e-06 3.65078449249e-07 -9.87201929092e-08 2.30967998505e-07 9.25 271.34375 52
115200 2 115200 115200 -0.000290834344923 8.86757334229e-12 0 2 0.0165241940413 5153.67742538 4.71948229967e-09 0.385205087807 -1.0781706961 -1.69576749056 0.966342081146 -8.68679041112e-09 1.70721396946e-10 6.22123479843e-07 3.12365591526e-06 -1.97440385818e-07 -6.51925802231e-08 63.75 372.34375 63
122400 8 122400 122400 0.000439667608589 8.98126018001e-12 0 2 0.0101588191465 5153.73620796 4.23981946264e-09 1.30413373507 0.390613855824 -2.69619608814 0.950435082373 -7.91604402072e-09 -1.93936649668e-10 1.02277845144e-05 7.75046646595e-06 1.35973095894e-07 -1.15483999252e-07 146.4375 175.4375 85
122400 9 122400 122400 0.000489260070026 1.61435309565e-11 0 2 0.00315119838342 5153.55194855 4.28553565262e-09 1.86810785835 2.02783539119 0.458104640754 0.960458492346 -7.66853371092e-09 4.10017078857e-10 1.04364007711e-05 -3.36021184921e-06 -5.77419996262e-08 3.91155481339e-08 -63.84375 174.5 72
122400 4 122400 122400 0.000496706459671 6.13908923697e-12 0 2 0.00319656031206 5153.68465614 4.2633918731e-09 0.992096445256 -2.98562447204 0.519158104836 0.966638851634 -7.69996359153e-09 4.32518016111e-10 1.02482736111e-05 -3.0230730772e-06 -2.23517417908e-08 6.14672899246e-08 -60.5 182.84375 48
122400 26 122400 122400 -1.08391977847e-05 -1.40971678775e-11 0 2 0.00972118054051 5153.74045372 5.20307387177e-09 3.13162684602 0.595288733262 2.49220187869 0.929988287459 -8.02354849872e-09 -6.82171272315e-10 8.31112265587e-06 -3.01748514175e-07 -1.22934579849e-07 -2.23517417908e-08 -4.40625 203 45
122400 27 122400 122400 -3.41334380209e-05 3.41060513165e-13 0 2 0.0130130389007 5153.69698715 4.11910014848e-09 1.38096923692 0.803764112413 -2.66799065453 0.959474578996 -7.9639031571e-09 -1.69292766009e-10 9.97073948383e-06 7.81007111073e-06 9.87201929092e-08 -1.62050127983e-07 149.90625 186.53125 59
122400 2 122400 122400 -0.000290770083666 8.86757334229e-12 0 2 0.0165245193057 5153.68069077 4.5412605903e-09 1.43527098589 -1.07805681671 -1.69582901797 0.966345049407 -8.30427447779e-09 1.71435712414e-10 -4.71249222755e-07 3.45706939697e-06 -1.58324837685e-07 3.25962901115e-07 72.90625 387.15625 64
122400 31 122400 122400 -0.000219869893044 6.8212102633e-13 0 2 0.0107156190788 5153.5899868 5.09735518245e-09 -2.52162173766 0.784582254486 1.55327042191 0.953733045392 -7.99497587998e-09 2.31438211759e-10 5.31040132046e-06 8.75443220139e-08 -1.39698386192e-07 1.52736902237e-07 2.5625 272.875 87
122400 21 122400 122400 9.63793136179e-05 2.50111042988e-12 0 2 0.0257580090547 5153.63000679 4.65233664564e-09 1.12671109186 -0.478532596209 -1.7042325212 0.960589746819 -8.42713673836e-09 6.67884962947e-11 -9.10833477974e-07 4.30829823017e-06 2.32830643654e-07 4.82425093651e-07 86.84375 390.53125 177
122384 16 122384 122384 -0.000101958867162 9.54969436862e-12 0 2 0.0143856076756 5153.66195297 4.38089676765e-09 2.30282542172 0.861117710381 2.66486832507 0.960679969365 -7.60103089916e-09 -7.21101465342e-10 9.86643135548e-06 4.37721610069e-07 -3.09199094772e-07 -6.51925802231e-08 12.90625 189.90625 45
122400 7 122400 122400 -1.54445879161e-05 1.25055521494e-12 0 2 0.0188491084846 5153.75545692 5.0905691855e-09 -1.45763628522 -2.08858815977 1.53089530494 0.949819947265 -8.03712049261e-09 1.68221292806e-10 5.18560409546e-06 5.40167093277e-07 1.78813934326e-07 4.19095158577e-07 8.15625 270.46875 56
122400 30 122400 122400 -0.000260182656348 8.18545231596e-12 0 2 0.00719978474081 5153.75213432 5.45272712797e-09 -1.63313765179 -2.45746999302 1.52846757922 0.934988803317 -8.26427281156e-09 2.29295265354e-10 5.27873635292e-06 3.96743416786e-07 -6.33299350739e-08 8.94069671631e-08 9.4375 262.1875 85
122400 14 122400 122400 0.000561208464205 7.61701812735e-12 0 2 0.0050981027307 5153.69718742 4.75055502254e-09 -2.33458477927 -2.86357954966 2.59965277566 0.944573829406 -7.88318550918e-09 -6.07168148133e-10 9.23126935959e-06 1.86264514923e-08 -3.16649675369e-08 -5.77419996262e-08 0.5625 193.1875 113
122400 17 122400 122400 0.000516857020557 -1.61435309565e-11 0 2 0.0134361338569 5153.59689522 4.04981154805e-09 1.26439011149 -1.2547884491 -2.59835442124 0.966177767651 -7.83925510787e-09 9.64325882329e-11 8.67247581482e-06 6.88061118126e-06 -3.59490513802e-07 7.45058059692e-08 133.46875 210.59375 44
122368 8 122368 122368 0.000439667142928 8.98126018001e-12 0 2 0.0101588200778 5153.73620415 4.23981946264e-09 1.29946623203 0.390614072335 -2.69619582336 0.950435089688 -7.91604402072e-09 -1.93936649668e-10 1.02277845144e-05 7.75046646595e-06 1.35973095894e-07 -1.15483999252e-07 146.4375 175.4375 5
122384 3 122384 122384 0.000625697430223 8.64019966684e-12 0 2 0.00566123542376 5153.61388779 3.92552065655e-09 -2.0245613659 1.14870455691 -0.556828690104 0.987638402829 -7.77032366517e-09 -1.15361948145e-10 4.53367829323e-06 -7.5176358223e-06 -2.60770320892e-08 1.32247805595e-07 -145.59375 306.375 18
122384 17 122384 122384 0.00051685795188 -1.60298441187e-11 0 2 0.0134361360688 5153.59689713 4.04981154805e-09 1.26205613834 -1.25478832622 -2.5983542925 0.966177769114 -7.83925510787e-09 9.64325882329e-11 8.67247581482e-06 6.88061118126e-06 -3.59490513802e-07 7.45058059692e-08 133.46875 210.59375 61
129568 8 129568 129568 0.000439731404185 8.86757334229e-12 0 2 0.010159494821 5153.73284721 4.2791068134e-09 2.34977320585 0.390449125396 -2.69625314049 0.950434228029 -7.78711007868e-09 -1.22862260563e-10 1.02669000626e-05 8.18818807602e-06 -7.82310962677e-08 -1.82539224625e-07 159.9375 175.625 6
129600 30 129600 129600 -0.000260123983026 8.18545231596e-12 0 2 0.00719970767386 5153.75210381 5.55273129355e-09 -0.582994691566 -2.45747334018 1.52840796531 0.934989508443 -8.44106588999e-09 1.68578450541e-10 5.31598925591e-06 3.94880771637e-07 1.11758708954e-07 2.23517417908e-08 8.78125 261.28125 86
129584 17 129584 129584 0.000516742002219 -1.61435309565e-11 0 2 0.0134347445564 5153.60108757 3.80087260731e-09 2.31213287665 -1.2546424294 -2.59840781629 0.966179428063 -7.44745307346e-09 -7.25030200418e-11 8.81403684616e-06 8.05035233498e-06 7.63684511185e-08 1.30385160446e-07 153.875 205.40625 62
129600 9 129600 129600 0.000489376019686 1.61435309565e-11 0 2 0.00315105833579 5153.55153847 4.38303971405e-09 2.91851482994 2.02768352127 0.458048670971 0.960461732709 -7.69710632966e-09 5.37165232231e-10 1.07884407043e-05 -3.507360816e-06 9.12696123123e-08 1.19209289551e-07 -70.40625 172.28125 79
129600 3 129600 129600 0.000625759828836 8.64019966684e-12 0 2 0.00566113449167 5153.61650276 3.93480675764e-09 -0.971768562175 1.14845750808 -0.556884968563 0.987636574182 -7.95140263641e-09 -1.72150027883e-10 4.40888106823e-06 -7.84546136856e-06 1.62050127983e-07 3.53902578354e-08 -154.28125 312 71
129600 14 129600 129600 0.000561262946576 7.61701812735e-12 0 2 0.00509849854279 5153.69479752 4.84127308703e-09 -1.28465181216 -2.86334355318 2.59959660839 0.944569074922 -7.91068665471e-09 -7.31816197368e-10 8.91461968422e-06 -5.58793544769e-08 -1.75088644028e-07 3.35276126862e-08 -0.28125 202.21875 114
129600 27 129600 129600 -3.41311097145e-05 3.41060513165e-13 0 2 0.0130128451856 5153.69511986 4.01016703955e-09 2.43122021463 0.803678405894 -2.66804773613 0.959475295826 -7.62924636016e-09 -3.75015620906e-11 9.78074967861e-06 8.17887485027e-06 -2.68220901489e-07 -6.33299350739e-08 161 188.0625 60
129600 2 129600 129600 -0.000290706288069 8.86757334229e-12 0 2 0.0165239070775 5153.68725204 4.42661295763e-09 2.48523000026 -1.07784288249 -1.69588784776 0.966346262166 -8.20284168128e-09 1.13933317209e-10 -7.264316082e-07 5.03100454807e-06 2.421438694e-08 2.38418579102e-07 100.3125 393.34375 66
129600 21 129600 129600 9.63974744081e-05 2.50111042988e-12 0 2 0.0257589960238 5153.63339043 4.58840541122e-09 2.176843857 -0.478460057416 -1.70429208098 0.960589846297 -8.31748931396e-09 -2.21437795202e-11 -8.10250639915e-07 5.47617673874e-06 3.42726707458e-07 2.08616256714e-07 108.46875 392.71875 180
129600 7 129600 129600 -1.54357403517e-05 1.25055521494e-12 0 2 0.0188487633131 5153.75435257 5.36165190575e-09 -0.407523354321 -2.08856464044 1.53083519949 0.949818800337 -8.57035698977e-09 1.7536444749e-10 5.58234751225e-06 5.17815351486e-07 1.95577740669e-07 -1.13621354103e-07 7.46875 266.875 61
129600 16 129600 129600 -0.000101889949292 9.54969436862e-12 0 2 0.0143851304892 5153.66291809 4.36839624695e-09 -2.92785580764 0.861133912198 2.66481399668 0.960675030554 -7.53174229873e-09 -7.08958102379e-10 9.60379838943e-06 7.24568963051e-07 -2.36555933952e-07 1.04308128357e-07 15.90625 192.71875 52
129600 22 129600 129600 -8.66921618581e-05 -2.38742359215e-12 0 2 0.0135869998485 5153.67568588 4.33946647048e-09 2.83251070261 -1.07918881101 2.66811336264 0.96003692178 -7.47423990352e-09 -8.11105214359e-10 9.60379838943e-06 5.97909092903e-07 9.31322574615e-08 7.07805156708e-08 9.1875 192.71875 9
129600 19 129600 129600 0.000574570614845 4.2064129957e-12 0 2 0.0100009719608 5153.60327339 3.94873590927e-09 -2.09941425826 2.69319811403 -2.55420634632 0.965363564502 -7.728893368e-09 1.23219418298e-10 8.93697142601e-06 7.7486038208e-06 0 -1.86264514923e-07 147.65625 212 13
129600 6 129600 129600 -4.83309850097e-05 -2.86490831058e-11 0 2.8 0.0033926977776 5153.74791145 4.01516724783e-09 0.434450087813 -0.752359807286 -1.59296716189 0.989073014907 -8.1842694791e-09 1.932223342e-10 1.210719347e-07 2.97278165817e-06 -3.35276126862e-08 -5.58793544769e-09 56.59375 387.59375 86
129584 6 129584 129584 -4.83300536871e-05 -2.86490831058e-11 0 2 0.00339269416872 5153.74791527 4.01516724783e-09 0.432115001381 -0.752358366312 -1.59296701413 0.989073004666 -8.1842694791e-09 1.932223342e-10 1.210719347e-07 2.97278165817e-06 -3.35276126862e-08 -5.58793544769e-09 56.59375 387.59375 1
136800 22 136800 136800 -8.6709856987e-05 -2.38742359215e-12 0 2 0.013587458292 5153.67484093 4.42697011536e-09 -2.40050202904 -1.07918257898 2.66805968817 0.960030856522 -7.5356710338e-09 -8.3503478255e-10 9.62428748608e-06 6.2957406044e-07 2.06753611565e-07 6.70552253723e-08 12.6875 193.5 47
136800 8 136800 136800 0.000439795665443 8.86757334229e-12 0 2 0.0101585979573 5153.73463249 4.17374528182e-09 -2.87864720211 0.390493350873 -2.69630907077 0.950433751118 -7.7017493802e-09 -1.16790579082e-10 9.95397567749e-06 8.06897878647e-06 -1.02445483208e-07 -8.19563865662e-08 158.96875 183.75 7
136800 30 136800 136800 -0.000260065309703 8.18545231596e-12 0 2 0.00719953782391 5153.75176811 5.64844956631e-09 0.467139953431 -2.45746692089 1.52834661784 0.934990566133 -8.51392606777e-09 1.97865384745e-10 5.34020364285e-06 5.43892383575e-07 2.98023223877e-08 1.86264514923e-09 7.84375 260.40625 91
136800 17 136800 136800 0.000516626052558 -1.61435309565e-11 0 2 0.0134342544479 5153.60259056 3.87659004696e-09 -2.9185816297 -1.25456070494 -2.59846148636 0.966178841433 -7.43888128784e-09 -8.10748056625e-11 9.53488051891e-06 8.65384936333e-06 6.14672899246e-08 9.685754776e-08 167.375 199.46875 69
136784 6 136784 136784 -4.85358759761e-05 -2.86490831058e-11 0 2 0.00339357927442 5153.75194931 3.91087718945e-09 1.48166177714 -0.751774350396 -1.59302570787 0.989074568526 -8.13819613139e-09 1.81793286706e-10 -3.98606061935e-07 3.55206429958e-06 3.72529029846e-09 2.23517417908e-08 68.375 398.9375 2
136800 3 136800 136800 0.000625821761787 8.64019966684e-12 0 2 0.00566097151022 5153.61600304 3.86944689228e-09 0.0783933530778 1.14850747697 -0.556942411504 0.987635256093 -7.9764036778e-09 -1.86079179516e-10 4.6119093895e-06 -8.27014446259e-06 9.685754776e-08 -4.28408384323e-08 -155.8125 308.9375 72
136800 14 136800 136800 0.000561317894608 7.61701812735e-12 0 2 0.00509880285244 5153.69537163 4.99020786219e-09 -0.234457162653 -2.86336771766 2.5995396014 0.944562749264 -8.08676541767e-09 -8.20748473183e-10 8.63149762154e-06 -2.70083546638e-07 2.79396772385e-08 6.51925802231e-08 -1.03125 205.03125 115
136800 2 136800 136800 -0.000290642492473 8.86757334229e-12 0 2 0.0165244856616 5153.68603706 4.36161025e-09 -2.7477444117 -1.0778803566 -1.69594755091 0.966347886005 -8.14569644381e-09 2.70725562521e-10 -1.2181699276e-06 5.14462590218e-06 1.67638063431e-07 7.264316082e-08 97.25 402.40625 68
136800 19 136800 136800 0.000574600882828 4.2064129957e-12 0 2 0.0100009994349 5153.60422134 3.96016495677e-09 -1.04914378571 2.69314724837 -2.55426213031 0.965364445178 -7.75818030221e-09 9.03609067516e-11 9.15303826332e-06 7.8734010458e-06 -1.56462192535e-07 -1.82539224625e-07 150.375 209.3125 53
136800 21 136800 136800 9.64156351984e-05 2.50111042988e-12 0 2 0.0257583407219 5153.6340332 4.3594673036e-09 -3.05611661189 -0.478477782132 -1.70435285206 0.960591625205 -8.07605068564e-09 2.58939357292e-10 -1.16415321827e-06 5.51715493202e-06 2.16066837311e-07 -2.27242708206e-07 102.4375 402.75 184
136800 7 136800 136800 -1.54268927872e-05 1.25055521494e-12 0 2 0.0188488441054 5153.75452042 5.39879631011e-09 0.642610373427 -2.08856072713 1.53077378765 0.949819942876 -8.5560706804e-09 1.1571910588e-10 5.83194196224e-06 5.96046447754e-07 1.13621354103e-07 -1.75088644028e-07 7.25 265.71875 100
136784 9 136784 136784 0.000489491038024 1.61435309565e-11 0 2 0.00314955576323 5153.55422783 4.30089343519e-09 -2.31675642047 2.02768869122 0.457993204432 0.960466141944 -7.63603235711e-09 6.16097091488e-10 1.12093985081e-05 -3.9879232645e-06 8.00937414169e-08 -1.49011611938e-08 -80.3125 164.8125 83
136800 11 136800 136800 -0.000752656720579 -2.27373675443e-13 0 2 0.00177673285361 5153.5852108 4.4576856805e-09 2.49658500069 -2.35713604036 -1.56446507336 0.965749524716 -8.36641992354e-09 1.83936233111e-10 -3.11061739922e-07 3.01003456116e-06 -1.11758708954e-08 -3.91155481339e-08 56.28125 385.6875 206
136800 4 136800 136800 0.000496795400977 6.13908923697e-12 0 2 0.00319729174953 5153.68648338 4.19624621907e-09 3.09187027854 -2.98505603035 0.519046762141 0.966647640846 -7.54674292356e-09 6.58956019592e-10 1.160800457e-05 -3.44030559063e-06 1.86264514923e-09 -6.33299350739e-08 -69.3125 161.09375 50
136800 20 136800 136800 0.000367846339941 -3.41060513165e-13 0 2 0.00384954793844 5153.66073418 4.58054794106e-09 1.76610920586 -2.40123681914 -0.743265524381 0.956646363361 -8.32748973052e-09 -1.83221917643e-10 2.1681189537e-06 -6.47827982903e-06 -1.11758708954e-08 -3.91155481339e-08 -123.90625 333.34375 128
144000 22 144000 144000 -8.67270864546e-05 -2.38742359215e-12 0 2 0.0135870395461 5153.67709351 4.63769317854e-09 -1.35023965959 -1.07926511536 2.66800321953 0.960022975782 -8.0046191388e-09 -7.52531345951e-10 9.30204987526e-06 7.30156898499e-07 -7.45058059692e-08 -3.31550836563e-07 15.15625 201.75 66
144000 17 144000 144000 0.000516510102898 -1.61435309565e-11 0 2 0.013433809625 5153.60476303 3.95909348356e-09 -1.86826917286 -1.2546534481 -2.59851503063 0.966176863567 -7.70603527301e-09 -1.68221292806e-10 9.08970832825e-06 8.5923820734e-06 3.42726707458e-07 -4.28408384323e-08 164.84375 211.875 70
144000 6 144000 144000 -4.87426295877e-05 -2.86490831058e-11 0 2 0.00339420838282 5153.75093842 3.9751655816e-09 2.53421445895 -0.751864921118 -1.59308412511 0.989075766656 -8.11962392921e-09 1.39648674071e-10 -5.30853867531e-07 3.79420816898e-06 -2.421438694e-08 -2.79396772385e-08 71.375 406.0625 9
144000 3 144000 144000 0.000625883694738 8.64019966684e-12 0 2 0.00566105649341 5153.6155777 3.78694345568e-09 1.12869413144 1.14841732904 -0.556999692061 0.98763375075 -7.96140305296e-09 -2.10008747707e-10 4.34182584286e-06 -7.84546136856e-06 4.47034835815e-08 -9.49949026108e-08 -148.8125 307.8125 112
144000 9 144000 144000 0.000489607453346 1.61435309565e-11 0 2 0.0031501223566 5153.5528183 4.29232164957e-09 -1.26437256379 2.02789214217 0.457937743745 0.96047032589 -7.70532095755e-09 6.30383400856e-10 1.1820346117e-05 -4.01400029659e-06 3.16649675369e-08 -6.70552253723e-08 -77.21875 157.25 85
144000 14 144000 144000 0.00056137284264 7.61701812735e-12 0 2 0.00509963324293 5153.69699097 5.05735351622e-09 0.815675516182 -2.86332960426 2.59948118415 0.944556774707 -8.11248077453e-09 -8.11105214359e-10 8.32974910736e-06 2.71946191788e-07 1.86264514923e-09 5.40167093277e-08 4.09375 208.25 116
144000 20 144000 144000 0.000367844011635 -3.41060513165e-13 0 2 0.00384830473922 5153.66514015 4.47768651362e-09 2.81576955672 -2.40071017595 -0.743325395766 0.956645191564 -8.29748848084e-09 -1.80007498035e-10 1.44727528095e-06 -6.88806176186e-06 -2.421438694e-08 -9.31322574615e-09 -133.4375 348.46875 129
144000 11 144000 144000 -0.000752658583224 -2.27373675443e-13 0 2 0.00177515938412 5153.58825874 4.40768359771e-09 -2.73664651473 -2.35685682196 -1.56452534705 0.965750838416 -8.37106297409e-09 1.83579075377e-10 -6.053596735e-07 3.52971255779e-06 -2.04890966415e-08 -4.65661287308e-08 66.53125 392.90625 207
144000 19 144000 144000 0.000574631150812 4.2064129957e-12 0 2 0.0100007306319 5153.60352516 4.12838624957e-09 0.00105089597975 2.69317203459 -2.55431724867 0.965363652277 -7.93925927344e-09 -1.43220251413e-10 9.10647213459e-06 7.75046646595e-06 -1.19209289551e-07 1.50874257088e-07 152.21875 211.5 54
144000 4 144000 144000 0.000496839638799 6.13908923697e-12 0 2 0.00319684238639 5153.68771172 4.10445668138e-09 -2.14096451837 -2.98523598537 0.518992261128 0.966652354368 -7.56745807215e-09 6.7324232896e-10 1.17961317301e-05 -3.47942113876e-06 -2.60770320892e-08 -4.65661287308e-08 -63.1875 158.25 51
144000 30 144000 144000 -0.000260007102042 8.18545231596e-12 0 2 0.00719950092025 5153.75159264 5.70666627699e-09 1.51729349055 -2.45747847356 1.52828477005 0.934992390392 -8.47678166341e-09 3.14298806093e-10 5.61960041523e-06 5.17815351486e-07 1.34110450745e-07 -1.11758708954e-07 8.25 260.96875 98
144000 12 144000 144000 -0.000558730214834 -2.38742359215e-12 0 2 0.00893358094618 5153.77440453 4.60733477113e-09 0.96325992634 1.46198041022 2.64709422297 0.961278434522 -7.94533095493e-09 -7.69317759458e-10 9.21636819839e-06 8.00937414169e-08 -5.96046447754e-08 -1.78813934326e-07 3.78125 204.4375 69
144000 5 144000 144000 -0.000196190085262 -1.13686837722e-12 0 2 0.00562772189733 5153.7231617 4.05588322953e-09 -1.49900165736 1.33011580238 -0.610971437436 0.974466398163 -8.05104964425e-09 -1.76078762959e-10 3.17580997944e-06 -7.23823904991e-06 1.4528632164e-07 9.87201929092e-08 -143.8125 321.4375 49
0 22 0 0 -8.67275521159e-05 -2.38742359215e-12 0 2 0 0 0 0 0 0 0 0 0 0 0 0 0 0 0 0
0 22 0 0 -8.67275521159e-05 -2.38742359215e-12 0 2 0 0 0 0 0 0 0 0 0 0 0 0 0 0 0 0
151200 17 151200 151200 0.000516394153237 -1.61435309565e-11 0 2 0.0134321841178 5153.59809685 4.21731852539e-09 -0.818288992998 -1.25441226264 -2.59857270617 0.96617484474 -8.01211945122e-09 -5.60737642688e-11 9.24617052078e-06 7.12461769581e-06 -3.72529029846e-09 -1.78813934326e-07 136.59375 210.9375 76
151200 12 151200 151200 -0.000558746978641 -2.38742359215e-12 0 2 0.00893348513637 5153.774189 4.54340353671e-09 2.013392257 1.46196819193 2.64703768265 0.961274290076 -7.66924802639e-09 -7.31101881899e-10 8.89040529728e-06 3.91155481339e-08 -1.86264514923e-07 7.07805156708e-08 5.375 204.03125 70
151200 4 151200 151200 0.000496883876622 6.13908923697e-12 0 2 0.00319673144259 5153.68400764 4.09052752975e-09 -1.09141163493 -2.98461899674 0.518938144862 0.966656928913 -7.59424490221e-09 5.90381734626e-10 1.07791274786e-05 -3.1366944313e-06 -1.08033418655e-07 3.91155481339e-08 -57.15625 171.375 52
151200 6 151200 151200 -4.89484518766e-05 -2.86490831058e-11 0 2 0.0033938359702 5153.75160217 4.00159525393e-09 -2.69880742032 -0.751898555067 -1.59314249701 0.989076514207 -8.1539110717e-09 1.04290058385e-10 -5.47617673874e-07 3.58186662197e-06 1.86264514923e-09 2.421438694e-08 68.40625 407.9375 10
151200 9 151200 151200 0.000489723403007 1.61435309565e-11 0 2 0.00314944668207 5153.5519371 4.18874590665e-09 -0.21410281831 2.02787460763 0.457882623918 0.960474723422 -7.69889211833e-09 5.58951854017e-10 1.11069530249e-05 -4.06056642532e-06 -7.264316082e-08 -8.94069671631e-08 -72.71875 163.96875 86
151200 20 151200 151200 0.000367841683328 -3.41060513165e-13 0 2 0.00384865642991 5153.66459274 4.50768776329e-09 -2.41716657653 -2.4007728064 -0.743385177914 0.95664390127 -8.30141721592e-09 -1.75007289756e-10 1.63353979588e-06 -6.98491930962e-06 -2.421438694e-08 0 -136.9375 344.78125 130
151200 11 151200 151200 -0.000752660445869 -2.27373675443e-13 0 2 0.00177592306864 5153.58654022 4.51625954891e-09 -1.68673512274 -2.35653493171 -1.56458514529 0.965751783461 -8.40106422376e-09 8.10748056625e-11 -7.32019543648e-07 3.37697565556e-06 -1.17346644402e-07 4.47034835815e-08 64.53125 400.40625 208
151200 19 151200 151200 0.000574661418796 4.2064129957e-12 0 2 0.0100014855852 5153.60500717 4.14695845175e-09 1.05124590829 2.69319737672 -2.55437391627 0.965363015907 -7.82175437889e-09 -1.81793286706e-10 8.37631523609e-06 7.7486038208e-06 3.72529029846e-08 2.36555933952e-07 150.75 217.46875 55
151200 5 151200 151200 -0.000196198467165 -1.13686837722e-12 0 2 0.00562746112701 5153.72271538 4.06731227703e-09 -0.448874126529 1.33013570538 -0.611030072655 0.97446468216 -8.16284001505e-09 -1.68935608275e-10 3.36952507496e-06 -7.5064599514e-06 1.06170773506e-07 -4.842877388e-08 -146.6875 321.5625 50
151200 14 151200 151200 0.00056142732501 7.61701812735e-12 0 2 0.00509964732919 5153.69732285 5.0780686648e-09 1.86581183768 -2.86329488043 2.59942206178 0.944551424815 -8.08390815579e-09 -6.65384858807e-10 8.56444239616e-06 2.53319740295e-07 1.63912773132e-07 -4.09781932831e-08 3.59375 207.125 117
0 22 0 0 -8.67447815835e-05 -2.38742359215e-12 0 2 0 0 0 0 0 0 0 0 0 0 0 0 0 0 0 0
151200 13 151200 151200 0.000690187793225 1.36424205266e-12 0 2 0.00881079316605 5153.68884277 4.05838333367e-09 -1.07247179486 0.972387636922 0.62677235563 0.972820160356 -7.59531637541e-09 6.65027701073e-10 1.09262764454e-05 -2.81259417534e-06 1.97440385818e-07 1.210719347e-07 -57.75 174.53125 69
151200 25 151200 151200 0.000498023815453 -4.54747350886e-13 0 2 0.0122234728187 5153.68951797 4.95913513931e-09 1.82437686137 1.10350543094 2.55821217005 0.949268171138 -7.96711757671e-09 -6.35740766869e-10 8.46199691296e-06 -4.00468707085e-07 -2.86847352982e-07 -2.10478901863e-07 -3.40625 210.84375 53
0 22 0 0 -8.67447815835e-05 -2.38742359215e-12 0 2 0 0 0 0 0 0 0 0 0 0 0 0 0 0 0 0
151184 15 151184 151184 0.00024033896625 4.54747350886e-12 0 2 0.0161407674896 5153.74372292 4.55518974194e-09 -1.79169548653 1.38321802728 0.324855105919 0.937749530152 -7.73496504948e-09 4.87163149443e-10 1.05481594801e-05 -4.96953725815e-06 2.01165676117e-07 3.05473804474e-07 -100.5 155.0625 5
151200 30 151200 151200 -0.00025994842872 8.18545231596e-12 0 2 0.00719963293523 5153.75104904 5.5898756979e-09 2.56747035683 -2.45751334806 1.52822392875 0.934995980393 -8.24391482071e-09 4.04659712844e-10 5.67175447941e-06 5.30853867531e-07 -1.17346644402e-07 -5.40167093277e-08 9.78125 259.65625 99
151200 7 151200 151200 -1.5408731997e-05 1.25055521494e-12 0 2 0.0188487566775 5153.75536728 5.13485674454e-09 2.7428665981 -2.08854239238 1.53065403903 0.949826948791 -7.81175396234e-09 3.41799951626e-10 5.5730342865e-06 2.32830643654e-07 -2.45869159698e-07 5.77419996262e-08 7.84375 266.34375 102
151200 29 151200 151200 -0.000555395148695 3.18323145621e-12 0 2 0.00288611766882 5153.74161339 3.95516474849e-09 -0.855366154325 2.6534320332 -2.58303712621 0.968669674512 -7.71567853184e-09 -1.23219418298e-10 9.69879329205e-06 7.61076807976e-06 -4.65661287308e-08 -6.33299350739e-08 148 196.1875 71
158400 29 158400 158400 -0.000555372331291 3.18323145621e-12 0 2 0.0028855628334 5153.74045753 4.01552440557e-09 0.19467114664 2.65353062364 -2.58309260591 0.968668546602 -7.74460830831e-09 -1.57149403046e-10 9.59448516369e-06 7.72997736931e-06 -3.53902578354e-08 -9.31322574615e-09 152.46875 197.84375 172
158400 13 158400 158400 0.000690198037773 1.36424205266e-12 0 2 0.00881154928356 5153.69024658 4.02052461385e-09 -0.022283925975 0.972368001636 0.626717020754 0.97282453887 -7.69639201419e-09 6.63241912402e-10 1.10939145088e-05 -2.69338488579e-06 1.63912773132e-07 -4.842877388e-08 -51.40625 175.28125 85
158400 7 158400 158400 -1.53998844326e-05 1.25055521494e-12 0 2 0.0188480690122 5153.75663185 5.11021286088e-09 -2.4901811163 -2.08854436439 1.53059635617 0.94982980587 -7.89425739894e-09 5.47879964257e-10 5.53019344807e-06 3.33413481712e-07 -7.07805156708e-08 2.9057264328e-07 11.78125 263.1875 103
158400 6 158400 158400 -4.91542741656e-05 -2.86490831058e-11 0 2 0.00339522340801 5153.74677849 4.07981279772e-09 -1.64931222706 -0.751262574839 -1.59320117173 0.989077273461 -8.14712507475e-09 9.75040614355e-11 2.68220901489e-07 3.16649675369e-06 2.60770320892e-08 1.67638063431e-08 59.625 391.71875 11
158384 15 158384 158384 0.000240372028202 4.54747350886e-12 0 2 0.0161410614382 5153.74347878 4.69626704694e-09 -0.741569977458 1.38323206544 0.324797335284 0.937750848241 -8.23248577322e-09 5.00020827875e-10 1.12596899271e-05 -4.81866300106e-06 1.91852450371e-07 -1.80676579475e-07 -95.40625 153.21875 6
158400 25 158400 158400 0.000498020555824 -4.54747350886e-13 0 2 0.0122232919093 5153.68979263 4.89020369661e-09 2.8745482066 1.10350806858 2.55815596034 0.949264399735 -7.77139513837e-09 -6.44669710224e-10 8.27014446259e-06 -2.1792948246e-07 -2.25380063057e-07 4.65661287308e-08 -1.4375 210.8125 62
158400 20 158400 158400 0.000367839355022 -3.41060513165e-13 0 2 0.00384854234289 5153.66188431 4.58804825348e-09 -1.36738178985 -2.40037107885 -0.74344472892 0.956642376909 -8.33963309348e-09 -2.29295265354e-10 1.65216624737e-06 -6.35161995888e-06 -2.23517417908e-08 8.56816768646e-08 -123.40625 345 131
158400 11 158400 158400 -0.000752662308514 -2.27373675443e-13 0 2 0.00177541049197 5153.58587646 4.59912014324e-09 -0.636588947022 -2.35644708348 -1.56464570717 0.96575190342 -8.47321008607e-09 4.17874549009e-11 -5.3271651268e-07 3.1590461731e-06 -1.30385160446e-08 6.70552253723e-08 61.71875 394.5 209
158400 19 158400 158400 0.000574691686779 4.2064129957e-12 0 2 0.0100012605544 5153.60398483 4.17303096635e-09 2.10152156543 2.69314243098 -2.55442956567 0.965361564693 -7.7549658826e-09 -2.21080637467e-10 8.48062336445e-06 7.64988362789e-06 1.52736902237e-07 1.22934579849e-07 145.46875 217.4375 56
158400 30 158400 158400 -0.000259889755398 8.18545231596e-12 0 2 0.00719929137267 5153.75167847 5.53130182949e-09 -2.66556604629 -2.4575211381 1.52816444211 0.934998920858 -8.25927260328e-09 4.4001832853e-10 5.7015568018e-06 4.28408384323e-07 -1.26659870148e-07 4.47034835815e-08 12.46875 259.3125 100
158400 5 158400 158400 -0.000196206849068 -1.13686837722e-12 0 2 0.0056277125841 5153.72317314 4.09088468748e-09 0.601277125514 1.33013160774 -0.611088094912 0.974463086116 -8.14176770873e-09 -2.97512392585e-10 3.632158041e-06 -7.45058059692e-06 -4.28408384323e-08 -1.08033418655e-07 -145.5 319.90625 51
158400 12 158400 158400 -0.000558763742447 -2.38742359215e-12 0 2 0.00893344613723 5153.77451706 4.62912139292e-09 3.06348374299 1.46199651841 2.64698200252 0.96126908355 -7.70782106169e-09 -6.42526763819e-10 8.80099833012e-06 3.94880771637e-07 -1.17346644402e-07 2.36555933952e-07 7.0625 206.65625 71
158384 24 158384 158384 -0.000472910236567 3.18323145621e-12 0 2 0.0163884423673 5153.67939568 5.4770138539e-09 -1.61751037758 1.03910105059 1.42993482543 0.933625852281 -8.16248285732e-09 5.72881005651e-10 5.54323196411e-06 7.35744833946e-07 3.16649675369e-08 3.85567545891e-07 11.34375 252.375 5
158400 18 158400 158400 -0.000660213176161 4.54747350886e-13 0 2 0.00480348372366 5153.7196579 4.30946522081e-09 -1.76824000602 -2.9335556159 -1.59201172716 0.973970512821 -8.2667729157e-09 1.50720563831e-10 -1.84401869774e-07 3.91341745853e-06 -8.38190317154e-08 -6.14672899246e-08 76.625 391.40625 181
158400 23 158400 158400 0.000384863000363 7.73070496507e-12 0 2 0.00495736883022 5153.63256836 3.83337396113e-09 -2.88387235928 -2.87742430208 -0.589606544393 0.982351384707 -7.90818655057e-09 -1.96436753808e-10 3.49245965481e-06 -7.47106969357e-06 -7.45058059692e-09 -3.72529029846e-08 -146.03125 323.9375 186
165600 29 165600 165600 -0.000555349048227 3.18323145621e-12 0 2 0.00288612826262 5153.74122047 4.04338270883e-09 1.2448133242 2.6535242658 -2.58314832115 0.968667462579 -7.73567936495e-09 -1.53934983439e-10 9.16793942451e-06 7.6349824667e-06 -4.28408384323e-08 1.30385160446e-08 148.75 203.25 173
165600 13 165600 165600 0.00069020781666 1.36424205266e-12 0 2 0.00881137244869 5153.68964386 3.97945147441e-09 1.02792228936 0.972328216116 0.626662597275 0.972828727204 -7.66960518413e-09 4.94663461862e-10 1.08107924461e-05 -2.61142849922e-06 -2.79396772385e-08 -1.30385160446e-07 -48.6875 178.21875 86
165584 24 165584 165584 -0.000472887419164 3.18323145621e-12 0 2 0.0163883600617 5153.67884254 5.63380609921e-09 -0.567342002083 1.03911759181 1.42987457368 0.933627609246 -8.65000316449e-09 5.18235872319e-10 6.17653131485e-06 9.18284058571e-07 2.58907675743e-07 -4.09781932831e-08 12.5625 250.71875 6
165600 18 165600 165600 -0.000660209916532 5.68434188608e-13 0 2 0.00480393820908 5153.72098351 4.34660962517e-09 -0.717965807415 -2.93367888869 -1.59207083491 0.97397092829 -8.35427656058e-09 3.53586156854e-11 -2.08616256714e-07 3.56324017048e-06 -6.51925802231e-08 1.02445483208e-07 70.375 392.09375 182
165600 15 165600 165600 0.000240404624492 4.54747350886e-12 0 2 0.0161405653926 5153.74269676 4.67876631797e-09 0.31092575734 1.38320846857 0.324738931206 0.937754136881 -8.18819821418e-09 3.10370071016e-10 1.09858810902e-05 -4.78327274323e-06 -5.40167093277e-08 -3.35276126862e-07 -92.6875 160.1875 7
165600 23 165600 165600 0.000384918414056 7.73070496507e-12 0 2 0.0049576528836 5153.63253784 3.82694512191e-09 -1.83361680703 -2.87747834373 -0.58966328806 0.982349934955 -7.89532887214e-09 -2.28223792151e-10 3.75509262085e-06 -7.61821866035e-06 -3.53902578354e-08 -7.45058059692e-08 -148.90625 318.875 187
165600 20 165600 165600 0.000367837026715 -3.41060513165e-13 0 2 0.00384800683241 5153.65901947 4.65626538071e-09 -0.317591613788 -2.39997071913 -0.743504970424 0.95664034199 -8.40820737844e-09 -2.47867467532e-10 2.15508043766e-06 -5.78723847866e-06 4.842877388e-08 4.09781932831e-08 -112.125 336.5625 132
165600 11 165600 165600 -0.000752664171159 -2.27373675443e-13 0 2 0.00177500909194 5153.5850029 4.61197782167e-09 0.413322423029 -2.35612240198 -1.56470627198 0.965752273539 -8.41999358367e-09 4.28589281035e-12 -1.67638063431e-07 3.18884849548e-06 4.842877388e-08 2.79396772385e-08 60.21875 386.0625 210
165600 5 165600 165600 -0.00019621476531 -1.13686837722e-12 0 2 0.00562679942232 5153.71957397 4.17660254369e-09 1.65172311166 1.32983493235 -0.61114676963 0.974461152138 -8.08355099806e-09 -2.87869133762e-10 3.66941094398e-06 -7.00727105141e-06 -1.32247805595e-07 -4.28408384323e-08 -131.875 318.6875 52
165600 30 165600 165600 -0.000259831082076 8.18545231596e-12 0 2 0.00719889905304 5153.75294876 5.4102253576e-09 -1.61534952031 -2.45759784767 1.52810466728 0.935002360178 -8.27498754359e-09 4.90377569051e-10 5.51529228687e-06 4.86150383949e-07 -4.65661287308e-08 1.00582838058e-07 11.90625 254.4375 101
165600 12 165600 165600 -0.000558780971915 -2.38742359215e-12 0 2 0.00893435359467 5153.77280426 4.65555106525e-09 -2.1696066462 1.46202300308 2.64692588206 0.961265247779 -7.68031991615e-09 -4.93234830925e-10 8.55326652527e-06 5.28991222382e-07 8.56816768646e-08 1.4528632164e-07 9.03125 213.5625 72
165600 32 165600 165600 -0.000557907857001 6.13908923697e-12 0 2 0.00815437291749 5153.77304649 3.95480759075e-09 2.0008064597 -2.12108662011 0.473188635463 0.963772557704 -7.57888711964e-09 5.65023535498e-10 1.12373381853e-05 -4.57651913166e-06 -1.67638063431e-07 -1.37835741043e-07 -90.09375 163 42
172800 29 172800 172800 -0.000555325765163 3.18323145621e-12 0 2 0.00288619520143 5153.73709488 4.19696053454e-09 2.29572059183 2.65275579201 -2.58320458937 0.968666573125 -7.75853745994e-09 -6.00024993449e-11 8.90158116817e-06 7.13393092155e-06 6.14672899246e-08 7.63684511185e-08 135.53125 213.40625 174
172800 13 172800 172800 0.000690218061209 1.36424205266e-12 0 2 0.00881121121347 5153.69146347 3.86801826134e-09 2.07797888329 0.9724384704 0.626607298972 0.972833000388 -7.52638493271e-09 5.44665544649e-10 1.05462968349e-05 -2.87964940071e-06 -2.01165676117e-07 -5.40167093277e-08 -54.25 183.125 87
172800 24 172800 172800 -0.000472864601761 3.18323145621e-12 0 2 0.0163895366713 5153.68113518 5.48379985085e-09 0.48516961269 1.03912408277 1.42981298337 0.933631168526 -8.58857203421e-09 3.74301305437e-10 6.36279582977e-06 9.31322574615e-07 1.34110450745e-07 -2.49594449997e-07 18.78125 245.3125 10
172800 32 172800 172800 -0.00055786408484 6.13908923697e-12 0 2 0.00815452937968 5153.77186012 3.88194741298e-09 3.05103040853 -2.12119379349 0.473135181899 0.963777231727 -7.40673709176e-09 5.29307762079e-10 1.16806477308e-05 -4.43309545517e-06 -4.09781932831e-08 9.31322574615e-09 -86.96875 153.0625 46
172800 18 172800 172800 -0.000660206191242 5.68434188608e-13 0 2 0.00480256322771 5153.71840096 4.46197157331e-09 0.332172840126 -2.93366585555 -1.59213106178 0.97397103362 -8.3753488669e-09 2.03579908492e-11 2.60770320892e-08 3.42540442944e-06 0 8.00937414169e-08 67.09375 382.4375 183
172800 12 172800 172800 -0.000558797735721 -2.38742359215e-12 0 2 0.00893418327905 5153.77406883 4.69019536546e-09 -1.11941161633 1.46194867075 2.6468699942 0.961260392354 -7.94533095493e-09 -5.23950396066e-10 8.72276723385e-06 4.95463609695e-07 1.99303030968e-07 -1.08033418655e-07 5.625 217.40625 73
172800 15 172800 172800 0.000240437220782 4.54747350886e-12 0 2 0.0161402956583 5153.7430439 4.69090968093e-09 1.36103604914 1.3832388841 0.324679902461 0.937756256649 -8.1121236168e-09 2.76797244002e-10 1.06785446405e-05 -5.18560409546e-06 -3.12924385071e-07 -2.04890966415e-07 -95.78125 167.4375 9
172800 23 172800 172800 0.000384973827749 7.73070496507e-12 0 2 0.00495670340024 5153.6286335 3.99552357245e-09 -0.783794560875 -2.8770987516 -0.589719657219 0.982347515288 -7.98854704076e-09 -3.63586573412e-10 3.7457793951e-06 -7.01099634171e-06 -3.91155481339e-08 1.17346644402e-07 -132.90625 320.75 188
172800 5 172800 172800 -0.000196223147213 -1.13686837722e-12 0 2 0.00562588253524 5153.72233582 4.13088635371e-09 2.70166765484 1.33003972186 -0.611204260848 0.974459493189 -7.96854620765e-09 -3.10012913282e-10 3.13855707645e-06 -6.4168125391e-06 -5.02914190292e-08 6.14672899246e-08 -123.75 325.53125 53
172800 10 172800 172800 -0.000237380154431 -1.54614099301e-11 0 2 0.0100714418804 5153.69087601 3.70729728096e-09 -1.95513732595 -2.34241012411 -0.559752115374 0.987253279405 -7.75175146299e-09 -2.56082095419e-10 3.94321978092e-06 -7.96653330326e-06 -9.87201929092e-08 5.96046447754e-08 -154.5625 315.59375 57
172800 25 172800 172800 0.000498014502227 -4.54747350886e-13 0 2.8 0.01222452207 5153.68808556 4.9830647075e-09 -1.308303647 1.10352509987 2.55804247009 0.949256454627 -8.01354808216e-09 -5.10378402166e-10 7.75791704655e-06 5.02914190292e-08 2.64495611191e-07 2.14204192162e-07 -3.40625 223.34375 64
172784 25 172784 172784 0.000498014502227 -4.54747350886e-13 0 2 0.0122245205566 5153.68808746 4.9830647075e-09 -1.31063783666 1.10352554753 2.55804259882 0.949256470719 -8.01354808216e-09 -5.10378402166e-10 7.75791704655e-06 5.02914190292e-08 2.64495611191e-07 2.14204192162e-07 -3.40625 223.34375 17
172800 28 172800 172800 -0.000510153360665 -1.06865627458e-11 0 2 0.00046192726586 5153.76799011 4.7605554391e-09 -1.60797577682 1.40980604989 1.49972328559 0.960898463495 -7.97390357366e-09 4.71448209139e-10 6.03683292866e-06 5.04776835442e-07 1.11758708954e-08 1.86264514923e-09 7.03125 259.75 224
