   0.0116
  -0.0209
  -0.0116
  -0.0093
   0.0659
  -0.1735
   0.0136
  -0.1111
  -0.3279
   0.0977
   0.0047
  -0.5198
  -0.0573
  -0.1071
  -0.2967
   0.0992
   0.0064
  -0.1044
  -0.1585
   0.0838
  -0.0271
  -0.0220
  -0.2020
  -0.0118
  -0.1667
   0.1918
   0.0129
  -0.2304
  -0.0194
  -0.0018
  -0.5101
  -0.0613
   0.1589
  -0.1670
   0.0739
   0.1653
  -0.0138
   0.2140
   0.0133
  -0.1032
  -0.0791
  -0.0324
  -0.0560
  -0.2557
   0.0178
  -0.0910
  -0.3465
  -0.0897
   0.0462
  -0.3646
  -0.0291
   0.0419
  -0.2163
   0.0564
  -0.0382
  -0.0959
  -0.1797
   0.0513
   0.0681
  -0.0906
  -0.1163
  -0.0684
  -0.1796
   0.0205
   0.0473
  -0.2346
   0.2390
   0.0308
  -0.4467
  -0.2386
  -0.0267
  -0.3279
   0.1711
  -0.0694
  -0.1397
   0.1403
  -0.1047
   0.0870
  -0.0927
   0.0283
   0.0271
  -0.1340
  -0.0102
  -0.0488
  -0.3433
   0.0501
  -0.1299
  -0.5262
   0.0643
  -0.0910
  -0.2873
  -0.1935
  -0.0503
  -0.0818
  -0.0166
  -0.0842
  -0.2340
  -0.1574
  -0.0930
   0.0883
  -0.1319
   0.0234
   0.0764
  -0.1902
   0.0350
   0.1650
  -0.4838
   0.0058
  -0.0160
  -0.1947
   0.0673
   0.0070
  -0.1416
  -0.1300
  -0.0869
   0.0129
   0.0389
  -0.0343
   0.0865
  -0.1178
