   0.0001
  -0.0001
   0.0000
  -0.0000
  -0.0000
   0.0000
   0.0000
   0.0000
   0.0006
   0.0043
   0.0008
   0.0080
   0.0012
  -0.0006
   0.0008
   0.0003
  -0.0000
   0.0003
   0.0001
   0.0001
  -0.0001
  -0.0000
   0.0000
  -0.0002
  -0.0001
   0.0008
  -0.0001
   0.0005
   0.0096
  -0.0000
   0.0097
   0.0018
  -0.0005
   0.0014
   0.0004
   0.0002
   0.0004
   0.0002
   0.0001
  -0.0002
  -0.0001
   0.0001
  -0.0003
  -0.0001
   0.0009
  -0.0002
   0.0013
   0.0141
   0.0009
   0.0119
   0.0025
  -0.0001
   0.0020
   0.0005
   0.0004
   0.0006
   0.0003
   0.0000
  -0.0002
  -0.0002
   0.0001
  -0.0003
  -0.0001
   0.0020
  -0.0003
   0.0014
   0.0160
   0.0000
   0.0109
   0.0030
   0.0009
   0.0024
   0.0004
   0.0005
   0.0005
   0.0003
  -0.0000
  -0.0002
  -0.0002
   0.0001
  -0.0002
  -0.0001
   0.0023
  -0.0003
   0.0013
   0.0097
  -0.0005
   0.0105
   0.0026
   0.0008
   0.0021
   0.0002
   0.0004
   0.0003
   0.0003
  -0.0001
  -0.0001
  -0.0002
   0.0001
  -0.0001
  -0.0001
   0.0021
  -0.0002
   0.0010
   0.0078
  -0.0007
   0.0056
   0.0022
   0.0014
   0.0017
   0.0001
   0.0002
   0.0002
   0.0001
  -0.0001
   0.0000
   0.0016
   0.0009
   0.0010
  -0.0000
