   0.0253
  -0.0569
  -0.1136
  -0.0896
  -0.1857
   0.0120
   0.1620
   0.1063
   0.0388
  -0.1083
  -0.1068
  -0.0552
  -0.0182
   0.0376
  -0.0186
   0.1505
  -0.0081
   0.0277
  -0.1113
  -0.1039
   0.0818
  -0.0213
   0.2033
   0.0735
   0.1544
  -0.0515
   0.0153
   0.0046
   0.0298
   0.0580
   0.0073
  -0.0640
  -0.0147
  -0.0221
   0.0473
   0.0328
  -0.0497
  -0.1175
  -0.1122
  -0.1597
   0.0332
   0.1448
   0.1587
   0.0962
  -0.0088
  -0.0086
  -0.0632
  -0.0480
  -0.0805
  -0.0202
  -0.0165
   0.0221
  -0.1061
  -0.1030
  -0.1334
  -0.0780
  -0.0073
   0.2072
   0.0971
   0.0730
  -0.0230
  -0.1035
  -0.0327
  -0.0808
  -0.0231
  -0.0685
   0.0521
  -0.0161
  -0.0348
  -0.1722
  -0.1025
  -0.0245
   0.0232
   0.1375
   0.0133
  -0.0045
   0.0059
  -0.0094
   0.0239
   0.0576
   0.0278
   0.0045
  -0.0737
  -0.0511
  -0.0676
  -0.0274
  -0.0219
   0.0547
   0.0680
   0.1089
   0.0632
  -0.1189
   0.0213
  -0.1008
  -0.0234
   0.0432
   0.0597
  -0.0224
  -0.0215
  -0.0747
  -0.0436
  -0.0443
  -0.0400
  -0.0586
   0.1068
  -0.0385
   0.0330
  -0.0197
  -0.0614
   0.1040
  -0.1637
   0.1666
   0.0425
   0.2237
  -0.0915
   0.0132
  -0.0427
   0.0928
   0.2083
  -0.1068
