    119.550000000000         22.6000000000000     
    119.600000000000         22.6000000000000     
    119.650000000000         22.6000000000000     
    119.700000000000         22.6000000000000     
    119.750000000000         22.6000000000000     
    119.800000000000         22.6000000000000     
    119.850000000000         22.6000000000000     
    119.900000000000         22.6000000000000     
    119.950000000000         22.6000000000000     
    120.000000000000         22.6000000000000     
    120.050000000000         22.6000000000000     
    120.100000000000         22.6000000000000     
    120.150000000000         22.6000000000000     
    120.200000000000         22.6000000000000     
    120.250000000000         22.6000000000000     
    120.300000000000         22.6000000000000     
    120.350000000000         22.6000000000000     
    119.550000000000         22.6500000000000     
    119.600000000000         22.6500000000000     
    119.650000000000         22.6500000000000     
    119.700000000000         22.6500000000000     
    119.750000000000         22.6500000000000     
    119.800000000000         22.6500000000000     
    119.850000000000         22.6500000000000     
    119.900000000000         22.6500000000000     
    119.950000000000         22.6500000000000     
    120.000000000000         22.6500000000000     
    120.050000000000         22.6500000000000     
    120.100000000000         22.6500000000000     
    120.150000000000         22.6500000000000     
    120.200000000000         22.6500000000000     
    120.250000000000         22.6500000000000     
    120.300000000000         22.6500000000000     
    120.350000000000         22.6500000000000     
    119.550000000000         22.7000000000000     
    119.600000000000         22.7000000000000     
    119.650000000000         22.7000000000000     
    119.700000000000         22.7000000000000     
    119.750000000000         22.7000000000000     
    119.800000000000         22.7000000000000     
    119.850000000000         22.7000000000000     
    119.900000000000         22.7000000000000     
    119.950000000000         22.7000000000000     
    120.000000000000         22.7000000000000     
    120.050000000000         22.7000000000000     
    120.100000000000         22.7000000000000     
    120.150000000000         22.7000000000000     
    120.200000000000         22.7000000000000     
    120.250000000000         22.7000000000000     
    120.300000000000         22.7000000000000     
    120.350000000000         22.7000000000000     
    119.550000000000         22.7500000000000     
    119.600000000000         22.7500000000000     
    119.650000000000         22.7500000000000     
    119.700000000000         22.7500000000000     
    119.750000000000         22.7500000000000     
    119.800000000000         22.7500000000000     
    119.850000000000         22.7500000000000     
    119.900000000000         22.7500000000000     
    119.950000000000         22.7500000000000     
    120.000000000000         22.7500000000000     
    120.050000000000         22.7500000000000     
    120.100000000000         22.7500000000000     
    120.150000000000         22.7500000000000     
    120.200000000000         22.7500000000000     
    120.250000000000         22.7500000000000     
    120.300000000000         22.7500000000000     
    120.350000000000         22.7500000000000     
    119.550000000000         22.8000000000000     
    119.600000000000         22.8000000000000     
    119.650000000000         22.8000000000000     
    119.700000000000         22.8000000000000     
    119.750000000000         22.8000000000000     
    119.800000000000         22.8000000000000     
    119.850000000000         22.8000000000000     
    119.900000000000         22.8000000000000     
    119.950000000000         22.8000000000000     
    120.000000000000         22.8000000000000     
    120.050000000000         22.8000000000000     
    120.100000000000         22.8000000000000     
    120.150000000000         22.8000000000000     
    120.200000000000         22.8000000000000     
    120.250000000000         22.8000000000000     
    120.300000000000         22.8000000000000     
    120.350000000000         22.8000000000000     
    119.550000000000         22.8500000000000     
    119.600000000000         22.8500000000000     
    119.650000000000         22.8500000000000     
    119.700000000000         22.8500000000000     
    119.750000000000         22.8500000000000     
    119.800000000000         22.8500000000000     
    119.850000000000         22.8500000000000     
    119.900000000000         22.8500000000000     
    119.950000000000         22.8500000000000     
    120.000000000000         22.8500000000000     
    120.050000000000         22.8500000000000     
    120.100000000000         22.8500000000000     
    120.150000000000         22.8500000000000     
    120.200000000000         22.8500000000000     
    120.250000000000         22.8500000000000     
    120.300000000000         22.8500000000000     
    120.350000000000         22.8500000000000     
    119.550000000000         22.9000000000000     
    119.600000000000         22.9000000000000     
    119.650000000000         22.9000000000000     
    119.700000000000         22.9000000000000     
    119.750000000000         22.9000000000000     
    119.800000000000         22.9000000000000     
    119.850000000000         22.9000000000000     
    119.900000000000         22.9000000000000     
    119.950000000000         22.9000000000000     
    120.000000000000         22.9000000000000     
    120.050000000000         22.9000000000000     
    120.100000000000         22.9000000000000     
    120.150000000000         22.9000000000000     
    120.200000000000         22.9000000000000     
    120.250000000000         22.9000000000000     
    120.300000000000         22.9000000000000     
    120.350000000000         22.9000000000000     
    119.550000000000         22.9500000000000     
    119.600000000000         22.9500000000000     
    119.650000000000         22.9500000000000     
    119.700000000000         22.9500000000000     
    119.750000000000         22.9500000000000     
    119.800000000000         22.9500000000000     
    119.850000000000         22.9500000000000     
    119.900000000000         22.9500000000000     
    119.950000000000         22.9500000000000     
    120.000000000000         22.9500000000000     
    120.050000000000         22.9500000000000     
    120.100000000000         22.9500000000000     
    120.150000000000         22.9500000000000     
    120.200000000000         22.9500000000000     
    120.250000000000         22.9500000000000     
    120.300000000000         22.9500000000000     
    120.350000000000         22.9500000000000     
    119.550000000000         23.0000000000000     
    119.600000000000         23.0000000000000     
    119.650000000000         23.0000000000000     
    119.700000000000         23.0000000000000     
    119.750000000000         23.0000000000000     
    119.800000000000         23.0000000000000     
    119.850000000000         23.0000000000000     
    119.900000000000         23.0000000000000     
    119.950000000000         23.0000000000000     
    120.000000000000         23.0000000000000     
    120.050000000000         23.0000000000000     
    120.100000000000         23.0000000000000     
    120.150000000000         23.0000000000000     
    120.200000000000         23.0000000000000     
    120.250000000000         23.0000000000000     
    120.300000000000         23.0000000000000     
    120.350000000000         23.0000000000000     
    119.550000000000         23.0500000000000     
    119.600000000000         23.0500000000000     
    119.650000000000         23.0500000000000     
    119.700000000000         23.0500000000000     
    119.750000000000         23.0500000000000     
    119.800000000000         23.0500000000000     
    119.850000000000         23.0500000000000     
    119.900000000000         23.0500000000000     
    119.950000000000         23.0500000000000     
    120.000000000000         23.0500000000000     
    120.050000000000         23.0500000000000     
    120.100000000000         23.0500000000000     
    120.150000000000         23.0500000000000     
    120.200000000000         23.0500000000000     
    120.250000000000         23.0500000000000     
    120.300000000000         23.0500000000000     
    120.350000000000         23.0500000000000     
    119.550000000000         23.1000000000000     
    119.600000000000         23.1000000000000     
    119.650000000000         23.1000000000000     
    119.700000000000         23.1000000000000     
    119.750000000000         23.1000000000000     
    119.800000000000         23.1000000000000     
    119.850000000000         23.1000000000000     
    119.900000000000         23.1000000000000     
    119.950000000000         23.1000000000000     
    120.000000000000         23.1000000000000     
    120.050000000000         23.1000000000000     
    120.100000000000         23.1000000000000     
    120.150000000000         23.1000000000000     
    120.200000000000         23.1000000000000     
    120.250000000000         23.1000000000000     
    120.300000000000         23.1000000000000     
    120.350000000000         23.1000000000000     
    119.550000000000         23.1500000000000     
    119.600000000000         23.1500000000000     
    119.650000000000         23.1500000000000     
    119.700000000000         23.1500000000000     
    119.750000000000         23.1500000000000     
    119.800000000000         23.1500000000000     
    119.850000000000         23.1500000000000     
    119.900000000000         23.1500000000000     
    119.950000000000         23.1500000000000     
    120.000000000000         23.1500000000000     
    120.050000000000         23.1500000000000     
    120.100000000000         23.1500000000000     
    120.150000000000         23.1500000000000     
    120.200000000000         23.1500000000000     
    120.250000000000         23.1500000000000     
    120.300000000000         23.1500000000000     
    120.350000000000         23.1500000000000     
    119.550000000000         23.2000000000000     
    119.600000000000         23.2000000000000     
    119.650000000000         23.2000000000000     
    119.700000000000         23.2000000000000     
    119.750000000000         23.2000000000000     
    119.800000000000         23.2000000000000     
    119.850000000000         23.2000000000000     
    119.900000000000         23.2000000000000     
    119.950000000000         23.2000000000000     
    120.000000000000         23.2000000000000     
    120.050000000000         23.2000000000000     
    120.100000000000         23.2000000000000     
    120.150000000000         23.2000000000000     
    120.200000000000         23.2000000000000     
    120.250000000000         23.2000000000000     
    120.300000000000         23.2000000000000     
    120.350000000000         23.2000000000000     
    119.550000000000         23.2500000000000     
    119.600000000000         23.2500000000000     
    119.650000000000         23.2500000000000     
    119.700000000000         23.2500000000000     
    119.750000000000         23.2500000000000     
    119.800000000000         23.2500000000000     
    119.850000000000         23.2500000000000     
    119.900000000000         23.2500000000000     
    119.950000000000         23.2500000000000     
    120.000000000000         23.2500000000000     
    120.050000000000         23.2500000000000     
    120.100000000000         23.2500000000000     
    120.150000000000         23.2500000000000     
    120.200000000000         23.2500000000000     
    120.250000000000         23.2500000000000     
    120.300000000000         23.2500000000000     
    120.350000000000         23.2500000000000     
    119.550000000000         23.3000000000000     
    119.600000000000         23.3000000000000     
    119.650000000000         23.3000000000000     
    119.700000000000         23.3000000000000     
    119.750000000000         23.3000000000000     
    119.800000000000         23.3000000000000     
    119.850000000000         23.3000000000000     
    119.900000000000         23.3000000000000     
    119.950000000000         23.3000000000000     
    120.000000000000         23.3000000000000     
    120.050000000000         23.3000000000000     
    120.100000000000         23.3000000000000     
    120.150000000000         23.3000000000000     
    120.200000000000         23.3000000000000     
    120.250000000000         23.3000000000000     
    120.300000000000         23.3000000000000     
    120.350000000000         23.3000000000000     
    119.550000000000         23.3500000000000     
    119.600000000000         23.3500000000000     
    119.650000000000         23.3500000000000     
    119.700000000000         23.3500000000000     
    119.750000000000         23.3500000000000     
    119.800000000000         23.3500000000000     
    119.850000000000         23.3500000000000     
    119.900000000000         23.3500000000000     
    119.950000000000         23.3500000000000     
    120.000000000000         23.3500000000000     
    120.050000000000         23.3500000000000     
    120.100000000000         23.3500000000000     
    120.150000000000         23.3500000000000     
    120.200000000000         23.3500000000000     
    120.250000000000         23.3500000000000     
    120.300000000000         23.3500000000000     
    120.350000000000         23.3500000000000     
