000000000100800 	000000000000032 	000000000100800 	000000000100800 	-5.583046004176000e-04 	6.139089236967000e-12 	000000000000000 	2.400000000000000e+00 	8.149809786118000e-03 	5.153766061783000e+03 	4.218389998590000e-09 	-1.166588196464000e+00 	-2.121590807516000e+00 	4.736877494647000e-01 	9.637395893821999e-01 	-7.700320749267000e-09 	3.896590880079000e-10 	1.067295670509000e-05 	-2.766028046608000e-06 	1.657754182816000e-07 	1.732259988785000e-07 	-5.228125000000000e+01 	1.770937500000000e+02 	000000000000110 
000000000100800 	000000000000026 	000000000100800 	000000000100800 	-1.053418964148000e-05 	-1.409716787748000e-11 	000000000000000 	2.400000000000000e+00 	9.721475187689000e-03 	5.153741006851000e+03 	5.271648156734000e-09 	-1.881968768696000e-02 	5.952994345081000e-01 	2.492378787912000e+00 	9.300019306332999e-01 	-8.357490980188000e-09 	-5.728810056505000e-10 	8.195638656615999e-06 	-6.705522537231001e-08 	1.378357410431000e-07 	6.146728992461999e-08 	-3.343750000000000e+00 	2.046875000000000e+02 	000000000000010 
000000000100800 	000000000000010 	000000000100800 	000000000100800 	-2.362695522606000e-04 	-1.546140993014000e-11 	000000000000000 	2.400000000000000e+00 	1.007195224520000e-02 	5.153690143585000e+03 	3.868375419078000e-09 	1.102120144071000e-01 	-2.343051648797000e+00 	-5.591860655556000e-01 	9.872676701298000e-01 	-7.992475775840001e-09 	-3.450143712334000e-10 	5.181878805160000e-06 	-7.009133696556000e-06 	8.381903171539000e-08 	-5.960464477539000e-08 	-1.342812500000000e+02 	2.915937500000000e+02 	000000000000052 
000000000100800 	000000000000016 	000000000100800 	000000000100800 	-1.021656207740000e-04 	9.549694368616000e-12 	000000000000000 	2.400000000000000e+00 	1.438599114772000e-02 	5.153663604736000e+03 	4.404826335840000e-09 	-8.453825664457000e-01 	8.610983618260000e-01 	2.665038354185000e+00 	9.606940280081000e-01 	-7.896043187607000e-09 	-5.735953211189000e-10 	9.220093488693000e-06 	1.259148120880000e-06 	3.054738044739000e-07 	1.452863216400000e-07 	1.893750000000000e+01 	2.002187500000000e+02 	000000000000042 
000000000100800 	000000000000031 	000000000100800 	000000000100800 	-2.198857255280000e-04 	6.821210263297000e-13 	000000000000000 	2.400000000000000e+00 	1.071529742330000e-02 	5.153588537216000e+03 	5.005208487024000e-09 	6.109369271981000e-01 	7.845004334777000e-01 	1.553445628297000e+00 	9.537293266546000e-01 	-8.219628094788000e-09 	1.150047904111000e-10 	5.319714546203000e-06 	6.631016731262000e-07 	1.396983861923000e-07 	-1.527369022369000e-07 	8.531250000000000e+00 	2.744375000000000e+02 	000000000000077 
000000000100784 	000000000000003 	000000000100784 	000000000100784 	6.255116313696000e-04 	8.640199666842999e-12 	000000000000000 	2.400000000000000e+00 	5.660648224875000e-03 	5.153616952896000e+03 	3.838017011671000e-09 	1.108070248831000e+00 	1.148623136741000e+00 	-5.566599790768000e-01 	9.876423073578000e-01 	-7.892471610265001e-09 	-3.121558596874000e-10 	5.520880222320000e-06 	-8.251518011093001e-06 	7.636845111847001e-08 	-1.229345798492000e-07 	-1.576562500000000e+02 	2.871250000000000e+02 	000000000000006 
000000000100784 	000000000000029 	000000000100784 	000000000100784 	-5.555576644838000e-04 	3.183231456205000e-12 	000000000000000 	2.400000000000000e+00 	2.886026515625000e-03 	5.153737550735000e+03 	4.154815921903000e-09 	-1.927098771788000e+00 	2.655061195830000e+00 	-2.582648643922000e+00 	9.686682379259000e-01 	-7.787467236411001e-09 	1.500062483623000e-10 	8.560717105865001e-06 	7.729977369308001e-06 	-5.587935447693000e-09 	-3.166496753693000e-08 	1.486875000000000e+02 	2.238750000000000e+02 	000000000000001 
000000000100800 	000000000000025 	000000000100800 	000000000100800 	4.980461671948000e-04 	-4.547473508865000e-13 	000000000000000 	2.400000000000000e+00 	1.222314685583000e-02 	5.153691381454000e+03 	4.804485840405000e-09 	7.563576142220000e-01 	1.103501295270000e+00 	2.558614332077000e+00 	9.493026360252000e-01 	-8.127481399365999e-09 	-7.289589354942000e-10 	9.091570973396000e-06 	4.656612873077000e-08 	000000000000000 	-1.881271600723000e-07 	2.562500000000000e+00 	1.998750000000000e+02 	000000000000008 
000000000100800 	000000000000027 	000000000100800 	000000000100800 	-3.414088860154000e-05 	3.410605131648000e-13 	000000000000000 	2.400000000000000e+00 	1.301054446958000e-02 	5.153689601898000e+03 	4.245533986389000e-09 	-1.769460101641000e+00 	8.036931023693999e-01 	-2.667820919461000e+00 	9.594760111928000e-01 	-7.686034439899000e-09 	1.692927660089000e-10 	8.119270205497000e-06 	7.374212145805000e-06 	-1.434236764908000e-07 	1.676380634308000e-07 	1.454687500000000e+02 	2.201250000000000e+02 	000000000000042 
000000000108000 	000000000000032 	000000000108000 	000000000108000 	-5.582608282566000e-04 	6.139089236967000e-12 	000000000000000 	2.400000000000000e+00 	8.149583125486999e-03 	5.153766212463000e+03 	4.304822170265000e-09 	-1.164128881955000e-01 	-2.121644041642000e+00 	4.736314797837000e-01 	9.637418788490000e-01 	-7.835683530526999e-09 	4.021596087048000e-10 	1.040287315845000e-05 	-2.942979335785000e-06 	1.024454832077000e-07 	1.862645149231000e-09 	-5.715625000000000e+01 	1.823437500000000e+02 	000000000000111 
000000000108000 	000000000000026 	000000000108000 	000000000108000 	-1.063570380211000e-05 	-1.409716787748000e-11 	000000000000000 	2.400000000000000e+00 	9.721136535517001e-03 	5.153740402222000e+03 	5.251647323619000e-09 	1.031330259434000e+00 	5.952943684227000e-01 	2.492319865961000e+00 	9.299975199353000e-01 	-8.264987127030999e-09 	-7.325305128361000e-10 	8.292496204376000e-06 	-1.583248376846000e-07 	7.450580596924000e-08 	-1.471489667892000e-07 	-6.312500000000000e+00 	2.045312500000000e+02 	000000000000033 
000000000108000 	000000000000010 	000000000108000 	000000000108000 	-2.363808453083000e-04 	-1.546140993014000e-11 	000000000000000 	2.400000000000000e+00 	1.007048797328000e-02 	5.153686773300000e+03 	4.011595670490000e-09 	1.160478794554000e+00 	-2.343150547911000e+00 	-5.592437352492000e-01 	9.872652372970000e-01 	-7.990689987169000e-09 	-3.228705917132000e-10 	4.934147000313000e-06 	-7.146969437599000e-06 	1.024454832077000e-07 	-7.078051567077000e-08 	-1.385625000000000e+02 	3.035937500000000e+02 	000000000000053 
000000000108000 	000000000000016 	000000000108000 	000000000108000 	-1.020967029035000e-04 	9.549694368616000e-12 	000000000000000 	2.400000000000000e+00 	1.438495097682000e-02 	5.153661563873000e+03 	4.425184326689000e-09 	2.047877781415000e-01 	8.611148693936000e-01 	2.664981127755000e+00 	9.606896070697000e-01 	-7.948545374532999e-09 	-6.182400378934000e-10 	9.488314390182000e-06 	7.823109626770000e-07 	2.868473529816000e-07 	-1.080334186554000e-07 	1.159375000000000e+01 	000000000000198 	000000000000044 
000000000108000 	000000000000031 	000000000108000 	000000000108000 	-2.198801375926000e-04 	6.821210263297000e-13 	000000000000000 	2.400000000000000e+00 	1.071555702947000e-02 	5.153589750290000e+03 	5.069854036913000e-09 	1.661119038035000e+00 	7.845547194418000e-01 	1.553386470816000e+00 	9.537300010599000e-01 	-8.177126324419000e-09 	1.010756387775000e-10 	5.802139639854000e-06 	2.048909664154000e-07 	-5.587935447693000e-09 	-2.160668373108000e-07 	5.593750000000000e+00 	2.710937500000000e+02 	000000000000078 
000000000107984 	000000000000003 	000000000107984 	000000000107984 	6.255740299821000e-04 	8.640199666842999e-12 	000000000000000 	2.400000000000000e+00 	5.660207127221000e-03 	5.153615535736000e+03 	3.789800717554000e-09 	2.158419528780000e+00 	1.148485680959000e+00 	-5.567165793773000e-01 	9.876411311717000e-01 	-7.706749588482999e-09 	-2.450102056585000e-10 	5.383044481277000e-06 	-7.867813110351000e-06 	-1.285225152969000e-07 	-5.215406417847000e-08 	-1.485625000000000e+02 	2.878437500000000e+02 	000000000000016 
000000000107984 	000000000000029 	000000000107984 	000000000107984 	-5.555348470807000e-04 	3.183231456205000e-12 	000000000000000 	2.400000000000000e+00 	2.886163303628000e-03 	5.153741943359000e+03 	3.985523155894000e-09 	-8.761507721336000e-01 	2.654250140881000e+00 	-2.582704670759000e+00 	9.686693000045000e-01 	-7.790324498285000e-09 	1.353627812603000e-10 	8.802860975265000e-06 	8.149072527885000e-06 	-3.911554813385000e-08 	-2.793967723846000e-08 	1.618125000000000e+02 	2.127500000000000e+02 	000000000000002 
000000000108000 	000000000000025 	000000000108000 	000000000108000 	4.980429075658000e-04 	-4.547473508865000e-13 	000000000000000 	2.400000000000000e+00 	1.222327572759000e-02 	5.153691295624000e+03 	4.708410409907000e-09 	1.806536532972000e+00 	1.103494548292000e+00 	2.558555527159000e+00 	9.492983584527001e-01 	-7.927115910482001e-09 	-6.343121359322000e-10 	9.130686521530001e-06 	-1.117587089539000e-08 	-2.849847078323000e-07 	-1.788139343262000e-07 	2.812500000000000e+00 	1.977500000000000e+02 	000000000000011 
000000000108000 	000000000000027 	000000000108000 	000000000108000 	-3.413809463382000e-05 	3.410605131648000e-13 	000000000000000 	2.400000000000000e+00 	1.301021396648000e-02 	5.153691410065000e+03 	4.277678182466000e-09 	-7.192062098026000e-01 	8.036065195628000e-01 	-2.667876400629000e+00 	9.594754318773000e-01 	-7.999976088258000e-09 	2.892977646988000e-11 	8.536502718925000e-06 	7.210299372673000e-06 	2.440065145492000e-07 	1.508742570877000e-07 	1.340937500000000e+02 	2.165312500000000e+02 	000000000000043 
000000000108000 	000000000000008 	000000000108000 	000000000108000 	4.395390860736000e-04 	8.981260180008001e-12 	000000000000000 	2.400000000000000e+00 	1.015719794668000e-02 	5.153730556488000e+03 	4.400183285296000e-09 	-7.957853689120000e-01 	3.902430090163000e-01 	-2.696082014181000e+00 	9.504357436122000e-01 	-8.009262189347001e-09 	1.714357124141000e-11 	8.350238204001999e-06 	6.698071956634000e-06 	2.793967723846000e-08 	2.216547727585000e-07 	1.267500000000000e+02 	2.107812500000000e+02 	000000000000076 
