518384 25 518384 518384 0.000497572589666 -4.54747350886e-13 0 2 0.012272506021 5153.69214058 4.72126808834e-09 -0.919227486314 1.10486888961 2.42989103798 0.949118769166 -8.05212111745e-09 -4.05016870578e-10 9.87015664577e-06 2.72877514362e-06 2.25380063057e-07 1.86264514923e-09 48.6875 187.03125 31
518400 10 518400 518400 -0.000252213794738 -1.58024704433e-11 0 2 0.0101098672021 5153.68857002 3.57122018423e-09 -1.56830724483 -2.33693343866 -0.68763217032 0.98732903808 -7.44959601986e-09 -6.96457581682e-11 8.24220478535e-06 -6.62170350552e-06 -1.00582838058e-07 2.21654772758e-07 -126.90625 234.0625 47
518400 32 518400 518400 -0.00055188825354 6.48014975013e-12 0 2 0.00822633435018 5153.76706123 4.21124684391e-09 -2.85055104409 -2.11660011515 0.345152509102 0.963914860134 -7.54102839982e-09 5.69666586043e-10 9.07108187675e-06 -1.01886689663e-06 -7.45058059692e-08 6.51925802231e-08 -21.0625 204.8125 63
518400 28 518400 518400 -0.000520094297826 -1.02318153949e-11 0 2 0.000459095230326 5153.77677917 4.74269755239e-09 -1.22792297238 1.41501761801 1.37174770063 0.960963424372 -8.00783355841e-09 -1.8215044444e-11 5.72763383389e-06 -4.842877388e-08 -3.53902578354e-08 1.86264514923e-08 -3.1875 267.25 127
518400 12 518400 518400 -0.000560993328691 -2.27373675443e-12 0 2 0.0089609704446 5153.77571678 4.39768318116e-09 -0.734506135609 1.46287721997 2.51885453009 0.961114014234 -7.89461455667e-09 -3.18941856637e-10 1.03656202555e-05 3.36579978466e-06 7.264316082e-08 -9.31322574615e-08 64.53125 187.6875 183
518400 18 518400 518400 -0.000659557525069 7.95807864051e-13 0 2 0.00479740963783 5153.7168541 4.48340103736e-09 0.72302218041 -2.93471940673 -1.72019068261 0.973973157777 -8.38927801853e-09 -2.18937691062e-10 5.55068254471e-07 -1.98930501938e-06 3.72529029846e-08 2.04890966415e-08 -38.65625 372.46875 85
518400 31 518400 518400 -0.000219120178372 7.95807864051e-13 0 2 0.0107178086182 5153.59553909 4.96020661252e-09 -1.05864353684 0.789957590436 1.42479988203 0.953804435795 -8.16319717279e-09 -4.71448209139e-11 5.36255538464e-06 1.99303030968e-07 9.685754776e-08 1.9371509552e-07 -1.5 266.59375 32
518400 24 518400 518400 -0.000469711143523 3.52429196937e-12 0 2 0.016422243556 5153.67994881 5.50987236544e-09 0.875409024391 1.04218919897 1.30151865928 0.93371118283 -8.610358656e-09 -1.80721813503e-10 5.77419996262e-06 -9.31322574615e-09 5.21540641785e-08 -2.06753611565e-07 0.78125 256.5625 16
518400 23 518400 518400 0.000392251648009 7.61701812735e-12 0 2 0.00498517474625 5153.63334846 3.79801534544e-09 -0.395085409762 -2.86888177628 -0.717656305151 0.982421280007 -7.73032199894e-09 -1.55363614375e-10 8.16769897938e-06 -6.81355595589e-06 5.58793544769e-08 1.04308128357e-07 -128.71875 235.25 89
525600 25 525600 525600 0.000497569330037 -4.54747350886e-13 0 2 0.0122718882049 5153.69112968 4.68090926437e-09 0.13328521687 1.1048608026 2.42983265731 0.949115721908 -8.0871225754e-09 -4.2644633463e-10 9.71741974354e-06 2.19419598579e-06 1.43423676491e-07 -1.210719347e-07 44.09375 191.28125 40
525600 32 525600 525600 -0.000551841687411 6.48014975013e-12 0 2 0.00822722620796 5153.76456451 4.32589447658e-09 -1.80054886194 -2.11647988962 0.345098594719 0.963918654944 -7.60174521463e-09 4.83234414367e-10 8.80658626556e-06 -8.21426510811e-07 -7.63684511185e-08 2.23517417908e-07 -15.8125 212.8125 76
525600 24 525600 525600 -0.000469685997814 3.52429196937e-12 0 2 0.0164223259781 5153.68149376 5.35879464388e-09 1.92554317346 1.04223912691 1.30145634629 0.933711506135 -8.29998858498e-09 -3.25013538118e-11 5.58979809284e-06 -4.99188899994e-07 -3.35276126862e-07 -1.86264514923e-07 -4.53125 258.59375 17
525600 23 525600 525600 0.000392306596041 7.61701812735e-12 0 2 0.00498520908877 5153.63350105 3.87194699642e-09 0.655046913585 -2.86881301767 -0.717712140346 0.982420027749 -7.75818030221e-09 -1.62149611325e-10 8.15652310848e-06 -6.44661486149e-06 6.14672899246e-08 3.53902578354e-08 -124.90625 232 90
525600 28 525600 525600 -0.000520168337971 -1.02318153949e-11 0 2 0.00045924144797 5153.7771492 4.69590988921e-09 -0.17751776507 1.4147314171 1.37169057221 0.960963368782 -7.94675958586e-09 -6.28597612185e-11 5.75743615627e-06 3.72529029846e-09 2.79396772385e-08 -2.98023223877e-08 -1.8125 267.5625 128
525600 31 525600 525600 -0.000219114590436 7.95807864051e-13 0 2 0.0107175433077 5153.59483147 4.92020494629e-09 -0.00843721763827 0.789983348035 1.42474080501 0.953803749686 -8.22069956799e-09 -7.6431755118e-11 5.83939254284e-06 9.12696123123e-08 1.95577740669e-07 5.02914190292e-08 -1.4375 263.65625 33
525600 10 525600 525600 -0.000252327416092 -1.58024704433e-11 0 2 0.010109430179 5153.68709183 3.78051461647e-09 -0.518204813288 -2.33687007821 -0.687686425563 0.987326763243 -7.78032408173e-09 -1.45720355552e-10 8.4862112999e-06 -6.52857124805e-06 1.54599547386e-07 -5.58793544769e-09 -124.90625 228.90625 48
525600 12 525600 525600 -0.000561009626836 -2.27373675443e-12 0 2.8 0.00895954226144 5153.77280426 4.34232373236e-09 0.315542204537 1.46294751464 2.51879795613 0.961111604808 -7.89104297933e-09 -3.80730144653e-10 9.73604619503e-06 2.61329114437e-06 -2.98023223877e-08 -1.19209289551e-07 54.28125 193.625 186
525600 18 525600 525600 -0.000659551471472 7.95807864051e-13 0 2 0.00479737354908 5153.71725082 4.54518932538e-09 1.77312753486 -2.93466998204 -1.7202515005 0.973971792875 -8.37999191744e-09 -1.31791203918e-10 9.27597284317e-07 -1.96136534214e-06 1.56462192535e-07 -1.86264514923e-08 -39.84375 370.59375 86
525600 29 525600 525600 -0.000552229583263 3.29691829393e-12 0 2 0.00287762563676 5153.73218536 4.35339562212e-09 -2.54019716045 2.64459743435 -2.7112759545 0.968538873543 -8.02890586473e-09 2.5536777995e-10 4.65288758278e-06 6.57513737679e-06 -1.67638063431e-08 -3.72529029846e-09 124.6875 298.125 71
518400 15 518400 518400 0.000244738534093 4.54747350886e-12 0 2 0.0161146790488 5153.73896217 4.89413243169e-09 1.74725562821 1.38604194486 0.196382064444 0.93789511537 -8.00890503161e-09 5.29307762079e-10 9.34116542339e-06 -1.64099037647e-06 -3.81842255592e-07 9.31322574615e-09 -26.59375 188.40625 32
525600 15 525600 525600 0.000244771130383 4.54747350886e-12 0 2 0.0161141551798 5153.73987198 4.79984278986e-09 2.79738660128 1.38605381937 0.196326495501 0.937899695767 -7.72496463293e-09 4.36446751188e-10 9.2014670372e-06 -1.09151005745e-06 -6.89178705215e-08 1.49011611938e-07 -21.46875 186.5625 36
525584 26 525584 525584 -2.53338366747e-05 -1.45519152284e-11 0 2 0.00977395975497 5153.75122833 5.1062841258e-09 -0.651597178667 0.599649172721 2.36336354365 0.929819817813 -8.2499865022e-09 -4.46090010011e-10 9.48645174503e-06 1.81794166565e-06 8.75443220139e-08 1.15483999252e-07 32.34375 177.75 69
525584 12 525584 525584 -0.000561011023819 -2.27373675443e-12 0 2 0.00895954261068 5153.77280235 4.34268089009e-09 0.313208421565 1.46294772238 2.51879809071 0.961111601882 -7.89140013706e-09 -3.81087302387e-10 9.73604619503e-06 2.61329114437e-06 -2.98023223877e-08 -1.19209289551e-07 54.28125 193.625 11
525600 16 525600 525600 -9.23336483538e-05 9.54969436862e-12 0 2 0.0144332175842 5153.67153549 4.26874923911e-09 -1.46733219758 0.863248425693 2.53639268545 0.96049155722 -7.65139013968e-09 -3.04298389535e-10 9.90740954876e-06 3.20933759212e-06 -4.09781932831e-08 2.88709998131e-07 61.6875 180.40625 79
532800 25 532800 532800 0.000497565604746 -4.54747350886e-13 0 2 0.0122726418776 5153.69350624 4.58126225653e-09 1.18337064491 1.10494599856 2.42977473161 0.949112285513 -8.06355016494e-09 -4.87163149443e-10 9.81613993645e-06 1.79745256901e-06 3.72529029846e-09 -1.82539224625e-07 35.75 185.4375 41
532800 32 532800 532800 -0.000551795121282 6.48014975013e-12 0 2 0.0082273267908 5153.76423645 4.52518849226e-09 -0.750449078279 -2.11645504635 0.345043242287 0.96392030219 -7.9471167436e-09 4.04659712844e-10 8.80286097527e-06 -6.81728124619e-07 1.80676579475e-07 -9.31322574615e-09 -13.125 213.09375 79
532800 23 532800 532800 0.000392361078411 7.61701812735e-12 0 2 0.00498558336403 5153.63370895 3.9040911925e-09 1.70525461525 -2.868820224 -0.717768088185 0.982418893987 -7.74425115057e-09 -1.32862677121e-10 8.30180943012e-06 -6.12251460552e-06 1.09896063805e-07 -1.49011611938e-08 -119.46875 232.46875 91
532800 28 532800 532800 -0.000520242378116 -1.02318153949e-11 0 2 0.000458931317553 5153.7765255 4.77341311753e-09 0.872856858472 1.41447590968 1.3716337671 0.960962548084 -7.97033199632e-09 -1.51434879299e-10 5.84498047829e-06 -3.72529029846e-08 -5.77419996262e-08 3.72529029846e-08 -0.84375 269.75 129
532800 16 532800 532800 -9.22651961446e-05 9.54969436862e-12 0 2 0.014434136916 5153.67434311 4.28589281035e-09 -0.417072187816 0.86316795057 2.53633663667 0.960487674636 -7.98104672835e-09 -3.58586365133e-10 9.84407961369e-06 3.35089862347e-06 1.73225998878e-07 2.04890966415e-08 60.875 191.09375 81
532800 29 532800 532800 -0.000552206300199 3.29691829393e-12 0 2 0.0028783219168 5153.72995377 4.31803700643e-09 -1.49039453934 2.64493959041 -2.71133365491 0.968540740227 -8.01533387083e-09 2.49296098469e-10 4.9751251936e-06 5.95487654209e-06 0 -1.86264514923e-09 117.46875 292.5625 74
532800 31 532800 532800 -0.000219109002501 7.95807864051e-13 0 2 0.010717571131 5153.59489441 4.9255623123e-09 1.04179328653 0.789984086808 1.42468310606 0.953802580815 -8.14069623553e-09 -2.90369237901e-10 6.07408583164e-06 1.210719347e-07 2.23517417908e-08 -1.62050127983e-07 -1.34375 263.46875 38
532800 10 532800 532800 -0.000252441037446 -1.58024704433e-11 0 2 0.0101105874637 5153.68929863 3.80551565786e-09 0.531960210667 -2.33686825249 -0.687742622098 0.987325641185 -7.80139638805e-09 -1.58935191717e-10 8.57189297676e-06 -5.91762363911e-06 9.12696123123e-08 -7.63684511185e-08 -116.65625 228.3125 50
532800 26 532800 532800 -2.54390761256e-05 -1.45519152284e-11 0 2 0.00977485161275 5153.75301552 5.03056668615e-09 0.400910252161 0.599611846366 2.36330431009 0.929816631578 -8.20569894316e-09 -4.94663461862e-10 9.24617052078e-06 1.94273889065e-06 1.71363353729e-07 1.11758708954e-08 35.46875 184.5625 70
532800 3 532800 532800 0.000634270720184 8.07176547823e-12 0 2 0.00565637135878 5153.61231041 3.66372403738e-09 1.54768500215 1.14600192401 -0.685217302188 0.987703602162 -7.62388899415e-09 -5.96453416107e-11 8.07642936707e-06 -6.98678195477e-06 -5.02914190292e-08 -1.52736902237e-07 -133.5625 238.59375 101
532768 27 532768 532768 -3.37506644428e-05 4.54747350886e-13 0 2 0.0130932464963 5153.68976593 4.44768526394e-09 -1.34668611308 0.804641997849 -2.79660969816 0.959327440159 -8.07283626603e-09 2.38938524177e-10 5.13345003128e-06 6.79492950439e-06 1.30385160446e-08 3.40864062309e-07 129.5 276.8125 18
532800 4 532800 532800 0.000502897426486 6.02540239925e-12 0 2 0.00322708196472 5153.6757164 4.29125017637e-09 -1.74288858221 -2.9723503001 0.390716870126 0.966816300671 -7.66639076452e-09 4.91449042254e-10 8.91834497452e-06 -9.61124897003e-07 -3.16649675369e-08 -9.31322574615e-09 -16.9375 210.625 201
532784 26 532784 532784 -2.54404731095e-05 -1.46656020661e-11 0 2 0.00977484846953 5153.75303078 5.03056668615e-09 0.398576321435 0.599612093599 2.36330445053 0.929816633041 -8.20569894316e-09 -4.94663461862e-10 9.24617052078e-06 1.94273889065e-06 1.71363353729e-07 1.11758708954e-08 35.46875 184.5625 1
540000 32 540000 540000 -0.000551749020815 6.48014975013e-12 0 2 0.00822817301378 5153.76587677 4.53733185523e-09 0.299692756961 -2.11647159195 0.344985775939 0.963923132936 -7.97676083554e-09 3.92516349881e-10 8.87177884579e-06 -2.92435288429e-07 1.00582838058e-07 -8.56816768646e-08 -7.1875 212.09375 96
540000 4 540000 540000 0.000502941198647 6.02540239925e-12 0 2 0.00322693539783 5153.67495918 4.34053794369e-09 -0.692824783413 -2.97223592478 0.390661906831 0.96681948837 -7.71853579371e-09 4.29660754238e-10 8.85501503944e-06 -8.7171792984e-07 -7.45058059692e-09 8.19563865662e-08 -14.46875 211.90625 202
540000 28 540000 540000 -0.000520315952599 -1.02318153949e-11 0 2 0.000458965660073 5153.77732277 4.83127267047e-09 1.92205430987 1.41539826344 1.37157627442 0.960961004706 -8.04926385558e-09 -1.79293182566e-10 5.63263893127e-06 -1.80676579475e-07 2.60770320892e-08 1.11758708954e-08 -2.25 272.5 130
539968 27 539968 539968 -3.37478704751e-05 4.54747350886e-13 0 2 0.0130928020226 5153.68966675 4.50947355196e-09 -0.296489598348 0.804615461978 -2.79666863035 0.959327968272 -8.31391773662e-09 2.067943281e-10 5.47058880329e-06 6.49690628052e-06 1.52736902237e-07 9.49949026108e-08 121.25 276.03125 37
540000 16 540000 540000 -9.21967439353e-05 9.54969436862e-12 0 2 0.0144331074553 5153.67236519 4.2655348195e-09 0.633114316164 0.86316033023 2.53628031579 0.96048492435 -7.88425698238e-09 -5.1752155685e-10 9.76212322712e-06 2.99140810966e-06 1.210719347e-07 -2.08616256714e-07 53.875 193.6875 95
540000 29 540000 540000 -0.000552183017135 3.29691829393e-12 0 2 0.00287931750063 5153.73352051 4.16588781166e-09 -0.439694919767 2.6443832295 -2.71139130413 0.968542486951 -8.01854829044e-09 2.35724104569e-10 5.26569783688e-06 5.9362500906e-06 -1.49011611938e-08 7.45058059692e-09 115.96875 279.1875 75
540000 31 540000 540000 -0.000219103414565 7.95807864051e-13 0 2 0.0107174667064 5153.59633636 4.95449208877e-09 2.09195416457 0.790055322141 1.42462433625 0.953800908699 -8.04069206996e-09 -2.52510518077e-10 5.99026679993e-06 -5.94183802605e-07 -1.35973095894e-07 -1.34110450745e-07 -6.625 265.09375 41
540000 3 540000 540000 0.000634328927845 8.07176547823e-12 0 2 0.00565724202897 5153.60891151 3.70622580775e-09 2.59818036471 1.14571999922 -0.685271730055 0.987703745528 -7.51317009655e-09 -4.50018745087e-11 8.54022800922e-06 -7.04266130924e-06 -1.11758708954e-07 -2.23517417908e-08 -135.59375 225.53125 102
539984 26 539984 539984 -2.55457125604e-05 -1.46656020661e-11 0 2 0.00977480539586 5153.75355721 5.04128141818e-09 1.4486744008 0.59965000951 2.36324597624 0.929812662681 -8.17212611614e-09 -5.83595737676e-10 9.51439142227e-06 1.74343585968e-06 6.70552253723e-08 -9.685754776e-08 31.78125 182.4375 32
540000 8 540000 540000 0.000448551494628 8.4128259914e-12 0 2 0.0102442436619 5153.7343998 4.6069776134e-09 -0.375286516395 0.394768445153 -2.82497304061 0.950279594662 -8.31784647169e-09 1.8893644139e-10 5.3271651268e-06 6.62729144096e-06 4.842877388e-08 1.82539224625e-07 125.09375 270.375 106
540000 18 540000 540000 -0.00065953982994 7.95807864051e-13 0 2 0.00479689787608 5153.71786118 4.41232664826e-09 -2.409548574 -2.93486987517 -1.72037111746 0.97397195087 -8.21391357104e-09 1.75007289756e-11 9.76026058197e-07 -1.4565885067e-06 -1.26659870148e-07 -3.53902578354e-08 -26.8125 371.3125 89
540000 9 540000 540000 0.000505487434566 1.56887836056e-11 0 2 0.00320957787335 5153.78969193 4.46697178159e-09 0.19765912317 2.03037765754 0.329524339589 0.960636655287 -7.82211153663e-09 4.57519057505e-10 9.06363129616e-06 -1.19581818581e-06 -7.45058059692e-09 -1.86264514923e-08 -21.53125 204.34375 110
543584 28 543584 543584 -0.000520353205502 -1.02318153949e-11 0 2 0.000458953552879 5153.77738762 4.85484508093e-09 2.44470963156 1.41546932908 1.3715473379 0.960960325912 -8.06605026908e-09 -1.72507185617e-10 5.57862222195e-06 -1.15483999252e-07 1.86264514923e-09 5.58793544769e-09 -2.0625 272.71875 131
539968 21 539968 539968 9.88002866507e-05 2.38742359215e-12 0 2 0.0258217069786 5153.62063599 4.85091634585e-09 -0.552480498196 -0.47074077414 -1.83305122388 0.960586342608 -8.75215027648e-09 1.77150236161e-10 6.98491930962e-07 -1.3243407011e-06 -5.06639480591e-07 3.72529029846e-09 -22.5 366.0625 88
539984 21 539984 539984 9.87965613604e-05 2.16004991671e-12 0 2 0.0258217031369 5153.62062836 4.85091634585e-09 -0.550146323163 -0.470741109148 -1.83305136579 0.960586346997 -8.75215027648e-09 1.77150236161e-10 6.98491930962e-07 -1.3243407011e-06 -5.06639480591e-07 3.72529029846e-09 -22.5 366.0625 3
547200 4 547200 547200 0.000502984505147 6.02540239925e-12 0 2 0.00322709837928 5153.67523384 4.43947063606e-09 0.357324435174 -2.97220588376 0.390605954603 0.966822071883 -7.8238973253e-09 4.23231915022e-10 8.62963497639e-06 -7.54371285439e-07 1.86264514923e-08 -2.23517417908e-08 -12.625 212.9375 203
547184 21 547184 547184 9.88119281828e-05 2.16004991671e-12 0 2 0.0258210283937 5153.61928749 4.94734893408e-09 0.500056743976 -0.470727347478 -1.83311440439 0.960586913146 -8.79608067778e-09 5.21450291926e-11 4.67523932457e-07 -1.13807618618e-06 -3.46451997757e-07 3.78116965294e-07 -15.78125 367.65625 4
547200 18 547200 547200 -0.000659533776343 7.95807864051e-13 0 2 0.00479678739794 5153.71670914 4.36161025e-09 -1.35953686825 -2.93472841977 -1.72043081768 0.973972395597 -8.24212903204e-09 9.82183769039e-11 3.74391674995e-07 -1.34855508804e-06 -5.21540641785e-08 5.77419996262e-08 -23.125 376.625 90
547200 28 547200 547200 -0.000520390458405 -1.02318153949e-11 0 2 0.000459049013443 5153.77719498 4.8723458099e-09 2.97219709601 1.41537552677 1.37151810002 0.960959701246 -8.07390773924e-09 -1.62506769059e-10 5.57862222195e-06 -1.11758708954e-07 -1.86264514923e-09 2.421438694e-08 -2.8125 273.0625 132
547200 27 547200 547200 -3.3744610846e-05 4.54747350886e-13 0 2 0.0130940994713 5153.69253922 4.34982404477e-09 0.758275217481 0.804687943717 -2.79672730946 0.959329211752 -8.19319842246e-09 3.4644300217e-11 6.02379441261e-06 6.57141208649e-06 1.49011611938e-07 -1.47148966789e-07 125.625 262.875 91
547200 16 547200 547200 -9.21282917261e-05 9.54969436862e-12 0 2.8 0.0144338072278 5153.67604256 4.24517682865e-09 1.68316820223 0.863285380467 2.5362234507 0.960481173428 -7.81746848608e-09 -5.1323566404e-10 1.02873891592e-05 2.13272869587e-06 -7.264316082e-08 -2.62632966042e-07 42.34375 186.25 96
547200 9 547200 547200 0.000505600124598 1.56887836056e-11 0 2 0.00320905272383 5153.78840065 4.50411618595e-09 1.24790486217 2.03024212696 0.32946805089 0.960640098996 -7.79103881375e-09 4.63947896721e-10 9.10833477974e-06 -1.085922122e-06 -3.72529029846e-08 7.45058059692e-09 -17.90625 201.0625 111
547200 31 547200 547200 -0.00021909782663 7.95807864051e-13 0 2 0.0107169736875 5153.59751129 4.99842249007e-09 -3.14103711191 0.790092273989 1.42456666217 0.953799315581 -8.00104756146e-09 -2.34652631367e-10 5.4519623518e-06 -3.83704900742e-07 -1.82539224625e-07 -2.421438694e-08 -5.65625 269.625 60
547200 8 547200 547200 0.000448612496257 8.4128259914e-12 0 2 0.0102437712485 5153.73357391 4.54054627483e-09 0.674843217586 0.394783148943 -2.8250319216 0.95028114243 -8.17962642856e-09 7.96461747257e-11 5.55813312531e-06 6.55278563499e-06 2.34693288803e-07 2.04890966415e-08 123.59375 265.875 109
547200 26 547200 547200 -2.56514176726e-05 -1.46656020661e-11 0 2 0.00977460411377 5153.75554657 4.97342144868e-09 2.50103354878 0.599759520631 2.36318697529 0.929809249693 -8.02640576059e-09 -5.19664503255e-10 9.42684710026e-06 1.12503767014e-06 -1.04308128357e-07 -8.00937414169e-08 23.34375 182.59375 61
547200 7 547200 547200 -1.4360062778e-05 7.95807864051e-13 0 2 0.0188793257112 5153.75237465 4.93877714846e-09 -2.087301102 -2.08681401611 1.40214349272 0.949896346698 -7.77925260852e-09 -6.75028117631e-11 5.31598925591e-06 -1.84401869774e-07 -1.17346644402e-07 2.38418579102e-07 -2 267.5625 71
547200 2 547200 547200 -0.000281565822661 8.98126018001e-12 0 2 0.0165346828289 5153.67584991 4.73591155544e-09 0.803510064985 -1.06769273847 -1.8246395722 0.966342606334 -8.61393023334e-09 3.6430088888e-11 8.2328915596e-07 -1.25169754028e-06 -3.68803739548e-07 -4.47034835815e-08 -17.25 367.6875 91
547184 16 547184 547184 -9.21282917261e-05 9.54969436862e-12 0 2 0.0144338079263 5153.67605019 4.24553398639e-09 1.68083434904 0.863285455076 2.53622356334 0.960481193908 -7.81782564382e-09 -5.12878506306e-10 1.02873891592e-05 2.13272869587e-06 -7.264316082e-08 -2.62632966042e-07 42.34375 186.25 3
547168 21 547168 547168 9.8813790828e-05 2.16004991671e-12 0 2 0.0258210289758 5153.61929131 4.94734893408e-09 0.497722700605 -0.47072713828 -1.83311425664 0.960586920461 -8.79608067778e-09 5.21450291926e-11 4.67523932457e-07 -1.13807618618e-06 -3.46451997757e-07 3.78116965294e-07 -15.78125 367.65625 8
547200 30 547200 547200 -0.000251743011177 8.29913915368e-12 0 2 0.00722039374523 5153.7469883 5.37700968832e-09 -2.26177083483 -2.45598986225 1.39953646591 0.935066804646 -8.18605526777e-09 -1.11433213069e-10 5.42961061001e-06 -2.53319740295e-07 -6.51925802231e-08 4.47034835815e-08 -2.34375 259.96875 46
554400 4 554400 554400 0.000503027811646 6.02540239925e-12 0 2 0.00322771095671 5153.67706299 4.50875923649e-09 1.40727361434 -2.97197580478 0.390549165586 0.966825196676 -7.85854162552e-09 4.81448625696e-10 8.97981226444e-06 -1.88127160072e-07 3.91155481339e-08 5.21540641785e-08 -6.78125 209.53125 204
554368 21 554368 554368 9.8830088973e-05 2.16004991671e-12 0 2 0.0258234108333 5153.62861824 4.54697511405e-09 1.54777336972 -0.470566094407 -1.83317337901 0.960588361435 -8.24034324337e-09 -2.3750989324e-10 -2.421438694e-07 6.70552253723e-07 2.96160578728e-07 2.64495611191e-07 15.3125 379.625 111
554400 27 554400 554400 -3.37418168783e-05 4.54747350886e-13 0 2 0.0130947994767 5153.69362259 4.29125017637e-09 1.80841247379 0.804718008147 -2.79678664249 0.959329899324 -8.06783605776e-09 1.18576367753e-10 6.52112066746e-06 6.48014247417e-06 -5.40167093277e-08 -3.22237610817e-07 126.125 253.53125 94
554384 16 554384 554384 -9.20598395169e-05 9.54969436862e-12 0 2 0.0144347065361 5153.67378426 4.1933889572e-09 2.73107081314 0.863226808153 2.5361682548 0.960478989291 -7.51674167389e-09 -4.89306095849e-10 1.04047358036e-05 1.96695327759e-06 -1.58324837685e-07 4.65661287308e-08 40.34375 177.1875 4
554400 2 554400 554400 -0.000281501095742 8.98126018001e-12 0 2 0.0165352530312 5153.68285751 4.42911306177e-09 1.85346778174 -1.06747277703 -1.82469885842 0.966344619309 -8.12426697976e-09 -7.78603860547e-11 -4.54485416412e-07 -1.89989805222e-07 1.30385160446e-08 2.83122062683e-07 0.1875 387.21875 92
554400 9 554400 554400 0.000505712814629 1.56887836056e-11 0 2 0.00320883071981 5153.78985786 4.55733268834e-09 2.29778437425 2.03047318755 0.329411727081 0.960643402265 -7.81818280155e-09 4.8859178038e-10 9.05431807041e-06 -5.5693089962e-07 -5.58793544769e-08 4.28408384323e-08 -12.34375 201.4375 112
554400 8 554400 554400 0.000448673497885 8.4128259914e-12 0 2.8 0.0102448824327 5153.73858261 4.46947188573e-09 1.72475169984 0.395016863272 -2.82509035494 0.950281319443 -8.13783897366e-09 1.32148361653e-11 6.64405524731e-06 6.55837357044e-06 1.26659870148e-07 -1.22934579849e-07 125.03125 247.03125 183
554400 30 554400 554400 -0.000251683872193 8.29913915368e-12 0 2 0.00722045451403 5153.74682426 5.41879714322e-09 -1.21163913761 -2.45597945212 1.39947790969 0.935065493871 -8.2803449096e-09 -2.03579908492e-10 5.34020364285e-06 -1.89989805222e-07 1.67638063431e-08 1.89989805222e-07 -2.1875 260.90625 50
554400 7 554400 554400 -1.43540091813e-05 7.95807864051e-13 0 2 0.018879378913 5153.75233459 5.18128724998e-09 -1.03716540955 -2.08681410096 1.40208754488 0.949892998079 -8.31284626341e-09 -2.81797452281e-10 5.39049506187e-06 9.685754776e-08 4.76837158203e-07 1.32247805595e-07 -1.3125 268.59375 72
554400 14 554400 554400 0.000569012016058 7.38964445191e-12 0 2 0.00512473727576 5153.70235634 4.57626204825e-09 -1.90858292195 -2.86186755661 2.47076811 0.944379362243 -7.79068165602e-09 -4.64305054455e-10 9.70810651779e-06 2.14204192162e-06 -8.00937414169e-08 -3.16649675369e-08 41.71875 185.3125 28
554400 17 554400 554400 0.000499884597957 -1.65982783074e-11 0 2 0.013405194506 5153.60433769 4.09517058029e-09 1.69373462253 -1.24808342302 -2.72707436379 0.966045979213 -7.84318384295e-09 2.05722854897e-10 4.93787229061e-06 6.43730163574e-06 -1.47148966789e-07 3.42726707458e-07 125.59375 281.46875 72
554384 3 554384 554384 0.000634444411844 8.07176547823e-12 0 2 0.0056578873191 5153.60649109 3.83337396113e-09 -1.58721818349 1.14602970775 -0.685380612122 0.987703793805 -7.6013880569e-09 2.71439877989e-11 8.22171568871e-06 -6.06849789619e-06 5.77419996262e-08 1.30385160446e-07 -118.125 235.1875 9
554384 8 554384 554384 0.000448673497885 8.4128259914e-12 0 2 0.0102448728867 5153.73858833 4.46982904346e-09 1.7224171503 0.395017722005 -2.82509022035 0.950281312128 -8.13783897366e-09 1.35719938995e-11 6.64405524731e-06 6.55837357044e-06 1.26659870148e-07 -1.22934579849e-07 125.03125 247.03125 0
554384 17 554384 554384 0.000499885994941 -1.65982783074e-11 0 2 0.0134051890345 5153.60434532 4.09517058029e-09 1.69140067278 -1.2480833528 -2.72707421603 0.966045983601 -7.84318384295e-09 2.05722854897e-10 4.93787229061e-06 6.43730163574e-06 -1.47148966789e-07 3.42726707458e-07 125.59375 281.46875 2
554400 19 554400 554400 0.000579295679927 4.66116034659e-12 0 2 0.0100048994645 5153.6076355 4.10267089271e-09 -2.71743210981 2.69684776987 -2.68288451231 0.965239484179 -7.89854329175e-09 2.57153568621e-10 4.63239848614e-06 7.30343163013e-06 5.02914190292e-08 -9.49949026108e-08 137.09375 292.375 39
561600 21 561600 561600 9.88459214568e-05 2.16004991671e-12 0 2 0.0258243599674 5153.62627602 4.57447625958e-09 2.60268595344 -0.470601302456 -1.83323391602 0.960587248155 -8.16391148825e-09 -2.64296723305e-11 -5.3271651268e-07 1.04308128357e-06 5.12227416039e-07 -1.49011611938e-08 21.84375 388.25 112
561600 2 561600 561600 -0.000281436368823 8.98126018001e-12 0 2 0.0165352473268 5153.68375587 4.43697053192e-09 2.90359994856 -1.067430822 -1.82475784913 0.966344247728 -8.11712382507e-09 3.39299847486e-11 -4.20957803726e-07 3.33413481712e-07 2.06753611565e-07 2.55182385445e-07 8.4375 387.78125 93
561600 3 561600 561600 0.000634502153844 8.07176547823e-12 0 2 0.0056587519357 5153.61042404 3.76694262257e-09 -0.534333700161 1.14569449324 -0.685435979183 0.987703376873 -7.7267504216e-09 1.89293599124e-11 7.74301588535e-06 -6.13741576672e-06 9.685754776e-08 -9.31322574615e-09 -118.1875 250.25 10
561584 8 561584 561584 0.000448734033853 8.4128259914e-12 0 2 0.0102462380892 5153.73510361 4.43911347832e-09 2.77268488719 0.394891903736 -2.82514877218 0.950282576089 -7.94604527039e-09 1.06790162525e-10 7.12834298611e-06 6.92345201969e-06 -9.31322574615e-08 -1.30385160446e-07 134.1875 236.59375 16
561584 17 561584 561584 0.000499765854329 -1.65982783074e-11 0 2 0.0134042070713 5153.60714722 4.02481050666e-09 2.74153512028 -1.24799925696 -2.72712892478 0.966047335338 -7.67603402334e-09 6.9288600434e-11 5.37186861038e-06 7.15628266335e-06 5.58793544769e-08 1.39698386192e-07 135 276.125 3
561600 30 561600 561600 -0.000251624267548 8.29913915368e-12 0 2 0.00722088874318 5153.74784851 5.57273212666e-09 -0.161451469147 -2.45602419986 1.39941736536 0.935062812342 -8.54285584424e-09 -2.13937482783e-10 5.07943332195e-06 -1.35973095894e-07 6.51925802231e-08 -6.14672899246e-08 -1.75 264.8125 51
561600 14 561600 561600 0.000569065567106 7.38964445191e-12 0 2 0.00512534123845 5153.70405006 4.65697969618e-09 -0.858262477574 -2.86202446189 2.47071264493 0.944375200241 -7.91104381244e-09 -6.1966866883e-10 9.73604619503e-06 1.56462192535e-06 -4.842877388e-08 1.9371509552e-07 32.46875 186.75 29
561600 7 561600 561600 -1.43479555845e-05 7.95807864051e-13 0 2 0.0188795408467 5153.75269508 5.34522264998e-09 0.0129790033476 -2.08681985901 1.40202537233 0.949890048836 -8.63928843247e-09 -1.97151069276e-10 5.43519854546e-06 1.49011611938e-07 1.67638063431e-07 -1.28522515297e-07 0.03125 269.59375 73
561600 19 561600 561600 0.00057932920754 4.66116034659e-12 0 2 0.0100061453413 5153.60318756 4.17195949314e-09 -1.66741570516 2.69705112719 -2.68294199329 0.965241102166 -7.98604693662e-09 2.92869342041e-10 5.17256557941e-06 6.36652112007e-06 -5.21540641785e-08 -1.17346644402e-07 121.21875 285.28125 40
561600 6 561600 561600 -7.7601056546e-05 -2.78532752418e-11 0 2 0.00341843324713 5153.75505257 3.9730226352e-09 0.840065982749 -0.736129736221 -1.72157441 0.989077599692 -8.10855203945e-09 2.67868300647e-11 7.82310962677e-07 -1.460313797e-06 -1.06170773506e-07 3.72529029846e-08 -29.03125 376 105
568800 19 568800 568800 0.000579362735152 4.66116034659e-12 0 2 0.0100068560569 5153.60521317 4.18481717158e-09 -0.617109278473 2.69696550844 -2.68299872379 0.965242749412 -8.01783397497e-09 1.24648049234e-10 5.68479299545e-06 6.14859163761e-06 -2.64495611191e-07 -9.31322574615e-09 117.125 277.375 41
568800 6 568800 568800 -7.78017565608e-05 -2.78532752418e-11 0 2.8 0.00341893988661 5153.75956726 3.86087510666e-09 1.88950867188 -0.735447255679 -1.72163204605 0.989077980051 -8.01497671309e-09 -1.96436753808e-11 5.30853867531e-07 -5.86733222008e-07 7.45058059692e-09 3.53902578354e-08 -12.90625 381.4375 155
568800 2 568800 568800 -0.000281371176243 8.98126018001e-12 0 2 0.0165365136927 5153.68137741 4.35875298813e-09 -2.32942337315 -1.06741796003 -1.82481631611 0.966344755361 -8.13319592311e-09 8.28605943335e-11 -4.6007335186e-07 1.29453837872e-06 3.25962901115e-07 1.00582838058e-07 17.40625 390.03125 94
568800 3 568800 568800 0.000634559895843 8.07176547823e-12 0 2 0.00565707730129 5153.6072464 3.72408369446e-09 0.515875737987 1.14569993676 -0.685491349169 0.987703425149 -7.71603568957e-09 -3.71444043564e-11 7.1357935667e-06 -6.88247382641e-06 1.67638063431e-08 -6.14672899246e-08 -127.5 257.8125 11
568800 17 568800 568800 0.000499645713717 -1.67119651451e-11 0 2 0.0134034495568 5153.60855484 4.06588364609e-09 -2.48909661563 -1.24800129773 -2.72718430354 0.966047886858 -7.69639201419e-09 7.4645966447e-11 5.8077275753e-06 6.88992440701e-06 1.30385160446e-07 1.54599547386e-07 131.4375 271.96875 75
568800 30 568800 568800 -0.000251564662904 8.29913915368e-12 0 2 0.00722093950026 5153.74787521 5.68059376239e-09 0.888703871752 -2.45603588272 1.39935521768 0.935061368442 -8.59428655796e-09 -1.42863093678e-10 5.21168112755e-06 1.60187482834e-07 6.33299350739e-08 2.98023223877e-08 -0.84375 266 52
568800 14 568800 568800 0.000569119118154 7.38964445191e-12 0 2 0.00512526172679 5153.70414352 4.82198656938e-09 0.191974935955 -2.86209853821 2.47065515371 0.9443698957 -8.07712215884e-09 -6.45384025692e-10 9.46410000324e-06 1.28895044327e-06 5.58793544769e-08 4.47034835815e-08 26.78125 186.4375 30
568800 7 568800 568800 -1.43419019878e-05 7.95807864051e-13 0 2 0.0188794838032 5153.75257492 5.41343977721e-09 1.06311889876 -2.08682081722 1.4019631632 0.949888555197 -8.59178645382e-09 -1.76078762959e-10 5.78723847866e-06 6.89178705215e-08 1.54599547386e-07 -2.86847352982e-07 -0.0625 269.9375 74
568784 6 568784 568784 -7.78012908995e-05 -2.78532752418e-11 0 2 0.00341893488076 5153.75956535 3.86123226439e-09 1.88717408723 -0.735446266746 -1.72163191 0.989077968347 -8.01533387083e-09 -1.96436753808e-11 5.30853867531e-07 -5.86733222008e-07 7.45058059692e-09 3.53902578354e-08 -12.90625 381.4375 0
568800 9 568800 568800 0.000505938194692 1.56887836056e-11 0 2.8 0.00320715492126 5153.79324341 4.49804450447e-09 -1.88512182383 2.03041257154 0.329298754695 0.96065189743 -7.77032366517e-09 6.17525722425e-10 9.63546335697e-06 -9.57399606705e-07 2.421438694e-08 -2.60770320892e-08 -21.375 197.8125 118
568800 11 568800 568800 -0.000752648338675 2.27373675443e-13 0 2 0.00175553758163 5153.59126472 4.38446834499e-09 2.92713949712 -2.35084069425 -1.69334162275 0.965753742308 -8.2657014425e-09 1.57149403046e-11 3.20374965668e-07 -1.33737921715e-06 -3.72529029846e-08 7.45058059692e-09 -27.15625 374.34375 122
568800 4 568800 568800 0.000503114890307 6.02540239925e-12 0 2 0.00322782760486 5153.67851257 4.36446751188e-09 -2.77598493487 -2.97154774032 0.390436665723 0.96683435308 -7.6463899314e-09 6.1966866883e-10 9.65408980846e-06 -9.07108187675e-07 -4.842877388e-08 -1.11758708954e-08 -18.625 201.0625 206
568784 9 568784 568784 0.000505937729031 1.55750967679e-11 0 2 0.00320715270936 5153.79324913 4.49804450447e-09 -1.88745331587 2.03041043422 0.329298898061 0.960651882801 -7.77032366517e-09 6.17168564691e-10 9.63546335697e-06 -9.59262251854e-07 2.421438694e-08 -2.60770320892e-08 -21.375 197.8125 8
568800 20 568800 568800 0.000367525499314 -3.41060513165e-13 0 2 0.00383976334706 5153.67137146 4.36375319641e-09 2.17765390254 -2.38227748861 -0.872208038211 0.956699929569 -8.03712049261e-09 -6.96457581682e-11 6.11878931522e-06 -6.88619911671e-06 -7.45058059692e-08 -6.51925802231e-08 -132.84375 257.5625 26
568800 12 568800 568800 -0.000561109744012 -2.27373675443e-12 0 2 0.00896024436224 5153.77227211 4.39446876155e-09 0.332982439472 1.46302608212 2.51846581959 0.961090946941 -7.88211403597e-09 -5.98239204778e-10 9.76026058197e-06 2.43075191975e-06 -2.04890966415e-08 -1.19209289551e-07 47.34375 193.21875 33
575984 9 575984 575984 0.000506049953401 1.55750967679e-11 0 2 0.00320686644409 5153.79062271 4.46268588878e-09 -0.837768367501 2.03083392121 0.329242784912 0.960656308128 -7.79068165602e-09 6.34312135932e-10 9.7993761301e-06 -1.80304050446e-06 -1.86264514923e-09 1.86264514923e-09 -30.96875 195.5 9
576000 20 576000 576000 0.000367523171008 -3.41060513165e-13 0 2 0.00383821420837 5153.67486572 4.28589281035e-09 -3.05563260544 -2.38199690531 -0.872265652314 0.956699607727 -7.99390440678e-09 -7.14315468392e-11 5.43147325516e-06 -6.65336847305e-06 -6.14672899246e-08 -7.45058059692e-09 -128.65625 271.09375 31
576000 4 576000 576000 0.000503158196807 6.02540239925e-12 0 2 0.00322852272075 5153.67674446 4.31339395589e-09 -1.72600569127 -2.97134943007 0.390381248923 0.966838883737 -7.6735339192e-09 6.69313593883e-10 9.34861600399e-06 -1.55717134476e-06 -2.60770320892e-08 5.58793544769e-08 -25.3125 202.75 207
576000 19 576000 576000 0.000579396262765 4.66116034659e-12 0 2 0.0100057265954 5153.60311127 4.37768234804e-09 0.433145382861 2.69693163311 -2.68305644615 0.965242677729 -8.1539110717e-09 1.96436753808e-11 5.9250742197e-06 6.07594847679e-06 -8.94069671631e-08 1.35973095894e-07 120.78125 268.0625 92
575984 6 575984 575984 -7.80015252531e-05 -2.78532752418e-11 0 2 0.00342037086375 5153.75638199 3.97445126613e-09 2.93757274067 -0.735720234729 -1.72168953727 0.989077766465 -8.01747681723e-09 -3.4644300217e-11 2.10478901863e-07 -3.16649675369e-07 -5.58793544769e-09 4.09781932831e-08 -6.53125 392.5 3
576000 17 576000 576000 0.000499526038766 -1.67119651451e-11 0 2 0.0134040053235 5153.60582542 4.29303596504e-09 -1.43897859816 -1.24790040612 -2.72724093603 0.966046456124 -8.10962351266e-09 6.10739725475e-11 6.54719769955e-06 7.03148543835e-06 1.86264514923e-07 -2.6635825634e-07 133.15625 261.46875 99
576000 11 576000 576000 -0.00075264647603 2.27373675443e-13 0 2 0.00175476598088 5153.59254837 4.38839708007e-09 -2.30591345014 -2.35074372619 -1.69340098943 0.965753827158 -8.25570102594e-09 -3.57157734196e-12 3.42726707458e-07 -8.94069671631e-07 -4.65661287308e-08 -1.30385160446e-08 -19.6875 376.28125 123
576000 14 576000 576000 0.000569172669202 7.38964445191e-12 0 2 0.00512552540749 5153.70536423 4.85091634585e-09 1.24200740929 -2.86196645865 2.470597307 0.944365205584 -8.04926385558e-09 -6.77885379504e-10 9.86270606518e-06 1.65030360222e-06 6.89178705215e-08 -7.45058059692e-09 28.84375 180 31
576000 3 576000 576000 0.000634617637843 8.07176547823e-12 0 2 0.00565816101152 5153.61172104 3.55621955939e-09 1.5657177745 1.14607203144 -0.685547035146 0.987703369558 -7.66853371092e-09 -6.42883921553e-12 7.21402466297e-06 -7.45803117752e-06 -5.77419996262e-08 -9.49949026108e-08 -144.0625 254.09375 12
576000 12 576000 576000 -0.000561126042157 -2.27373675443e-12 0 2 0.00896152073983 5153.77567673 4.34089510142e-09 1.38296008556 1.46316698893 2.51840890477 0.961087027784 -7.79211028696e-09 -5.57880380814e-10 9.85711812973e-06 1.5813857317e-06 -1.63912773132e-07 -1.15483999252e-07 34.78125 190.3125 34
576000 5 576000 576000 -0.000197363551706 -1.13686837722e-12 0 2 0.00560254196171 5153.73010826 3.90444835023e-09 -1.07328745361 1.32938682445 -0.739681487732 0.97452910322 -7.85818446778e-09 -1.96436753808e-11 6.92158937454e-06 -6.37583434582e-06 1.02445483208e-07 -3.53902578354e-08 -126.0625 251.96875 29
575984 13 575984 575984 0.000691590365022 1.36424205266e-12 0 2 0.00880673422944 5153.68265152 4.27660670926e-09 -1.69561980313 0.971315908989 0.498289556492 0.973002848103 -7.61853162814e-09 6.57170230921e-10 8.85315239429e-06 -3.632158041e-07 -3.16649675369e-08 1.60187482834e-07 -6.59375 212.0625 0
576000 25 576000 576000 0.000497544184327 -4.54747350886e-13 0 2 0.0122746467823 5153.6924057 4.75662670402e-09 1.20111364391 1.10503903283 2.42943501716 0.949088328767 -8.07712215884e-09 -6.20025826564e-10 9.79565083981e-06 1.47521495819e-06 4.47034835815e-08 -2.29105353355e-07 28.4375 187.53125 79
583200 5 583200 583200 -0.000197371933609 -1.13686837722e-12 0 2 0.00560166384093 5153.72878075 3.89944814195e-09 -0.0231286587615 1.32936962053 -0.739738017812 0.974528921818 -7.85532720591e-09 -5.107355599e-11 6.61239027977e-06 -6.73346221447e-06 6.14672899246e-08 -1.17346644402e-07 -131.15625 259.96875 30
583200 9 583200 583200 0.000506162643433 1.55750967679e-11 0 2 0.00320674211252 5153.79034615 4.36518182734e-09 0.214650571412 2.03085734106 0.32918655473 0.960660895839 -7.79103881375e-09 6.36812240072e-10 9.34116542339e-06 -1.72667205334e-06 1.86264514923e-09 1.86264514923e-09 -31.15625 196.53125 10
583200 20 583200 583200 0.000367521308362 -3.41060513165e-13 0 2 0.00383974111173 5153.6714325 4.36589614281e-09 -2.00571552855 -2.38173410232 -0.872323213752 0.956699103021 -8.00390482333e-09 -8.17891211309e-11 4.90806996822e-06 -6.93090260029e-06 -9.12696123123e-08 2.421438694e-08 -134.5 282.90625 46
583200 19 583200 583200 0.000579429790378 4.66116034659e-12 0 2 0.0100067513995 5153.60814476 4.28660712582e-09 1.48311666087 2.69718202617 -2.68311403977 0.965243172195 -7.99890461506e-09 -5.89310261424e-11 5.61214983463e-06 7.34999775887e-06 8.94069671631e-08 1.13621354103e-07 141.3125 269.78125 174
583200 6 583200 583200 -7.82026909292e-05 -2.78532752418e-11 0 2 0.00342031451873 5153.75663185 4.03623955415e-09 -2.29307429591 -0.735798168764 -1.72174748199 0.989076833123 -8.1403390778e-09 -7.53602819154e-11 7.264316082e-08 -2.53319740295e-07 1.15483999252e-07 -1.86264514923e-08 -4.9375 395.84375 4
583184 13 583184 583184 0.000691600143909 1.36424205266e-12 0 2 0.00880691164639 5153.68447495 4.26017745349e-09 -0.645337004031 0.971205752721 0.498234325482 0.973006642912 -7.79496754883e-09 6.18240037893e-10 8.90530645847e-06 -4.842877388e-07 1.08033418655e-07 3.16649675369e-08 -12.1875 217.0625 4
583200 17 583200 583200 0.000499405898154 -1.67119651451e-11 0 2 0.0134038897231 5153.60531998 4.33660920861e-09 -0.388775103849 -1.24788228934 -2.72730058066 0.966046925721 -8.23784313923e-09 1.30005415247e-10 6.48573040962e-06 6.80051743984e-06 -4.47034835815e-08 -1.9371509552e-07 131.28125 261.34375 100
583200 11 583200 583200 -0.000752644147724 2.27373675443e-13 0 2 0.00175534875598 5153.58945847 4.54804658725e-09 -1.25656578485 -2.34986038992 -1.69346004158 0.965753135197 -8.35606234925e-09 -1.11433213069e-10 4.842877388e-08 -6.09084963799e-07 2.23517417908e-08 1.41561031342e-07 -10.4375 384.34375 124
583200 12 583200 583200 -0.000561142340302 -2.27373675443e-12 0 2 0.00896194030065 5153.77323151 4.36339603867e-09 2.43321602988 1.46302903429 2.51835375861 0.96108374207 -7.61174563119e-09 -5.78595529398e-10 9.96701419353e-06 1.51991844177e-06 -8.56816768646e-08 6.51925802231e-08 30.71875 181.78125 35
583200 25 583200 583200 0.000497540459037 -4.54747350886e-13 0 2 0.0122750242008 5153.69225311 4.65483674978e-09 2.25128597368 1.10503746312 2.42937739428 0.949085612128 -7.74889420112e-09 -5.37879547699e-10 9.6820294857e-06 1.07102096081e-06 -2.23517417908e-07 0 24.28125 184 80
583200 30 583200 583200 -0.000251445919275 8.29913915368e-12 0 2 0.0072212201776 5153.74625206 5.53380193363e-09 2.9890843918 -2.45612745554 1.39923276704 0.935062862081 -8.20248452355e-09 6.10739725475e-11 5.44637441635e-06 4.09781932831e-08 -1.00582838058e-07 1.86264514923e-09 1.25 264.53125 59
583200 15 583200 583200 0.000245030969381 4.54747350886e-12 0 2.8 0.0161111244233 5153.74431992 4.79269963518e-09 -1.36782178441 1.38603184634 0.195866938804 0.937927829145 -8.04212070089e-09 5.44308386915e-10 9.75281000137e-06 -1.38767063618e-06 3.632158041e-07 7.45058059692e-08 -33.75 177.25 106
583200 7 583200 583200 -1.43302604556e-05 7.95807864051e-13 0 2 0.018879567273 5153.75258827 5.11378443822e-09 -3.11979346259 -2.08681767048 1.4018453193 0.949891519069 -7.81889711702e-09 3.03584074067e-11 5.36628067493e-06 -2.30967998505e-07 -2.71946191788e-07 1.56462192535e-07 -0.8125 270.03125 77
583184 15 583184 583184 0.000245030038059 4.54747350886e-12 0 2 0.0161111241905 5153.74431992 4.79305679291e-09 -1.37015539622 1.38603182293 0.195867076318 0.937927814515 -8.04212070089e-09 5.44308386915e-10 9.75281000137e-06 -1.38767063618e-06 3.632158041e-07 7.45058059692e-08 -33.75 177.25 0
583200 29 583200 583200 -0.000552041456103 3.29691829393e-12 0 2 0.00288016349077 5153.73447227 4.12624330317e-09 -0.421962679068 2.64431980615 -2.7117338976 0.968549182727 -7.93961643118e-09 4.46447167745e-11 6.08898699284e-06 6.37210905552e-06 -3.35276126862e-08 -1.30385160446e-08 123.46875 266.1875 89
590400 5 590400 590400 -0.000197379849851 -1.13686837722e-12 0 2 0.00560155673884 5153.72919655 3.97087968879e-09 1.02689895183 1.3294853827 -0.7397940505 0.974527967996 -7.88175687824e-09 -1.73935816553e-10 6.67758285999e-06 -7.28853046894e-06 -8.00937414169e-08 -3.91155481339e-08 -139.90625 263.28125 31
590400 20 590400 590400 0.000367518980056 -3.41060513165e-13 0 2 0.00383976567537 5153.67253685 4.42768443083e-09 -0.955380392091 -2.38188860402 -0.872380618657 0.95669761377 -8.15176812529e-09 -1.83221917643e-10 4.94159758091e-06 -7.13020563126e-06 7.82310962677e-08 1.22934579849e-07 -138.875 283.0625 50
590400 29 590400 590400 -0.000552017707378 3.29691829393e-12 0 2 0.00287852610927 5153.73130608 4.21981862953e-09 0.628332225679 2.64416674249 -2.71179106551 0.96854947531 -7.94211653532e-09 4.10731394325e-11 6.50808215141e-06 6.57513737679e-06 -2.79396772385e-08 -3.72529029846e-09 129.15625 254.875 90
590400 30 590400 590400 -0.000251386314631 8.29913915368e-12 0 2 0.00722145324107 5153.74578857 5.47451374976e-09 -2.24396708084 -2.45611724291 1.3991732687 0.935063388732 -8.23462871962e-09 1.22862260563e-10 5.19305467606e-06 -3.09199094772e-07 -6.51925802231e-08 8.94069671631e-08 -0.28125 265.1875 64
590400 6 590400 590400 -7.84029252827e-05 -2.78532752418e-11 0 2 0.00342041556723 5153.7544136 4.10802825872e-09 -1.24329255357 -0.735452273488 -1.72180656194 0.989076148477 -8.19962726167e-09 -5.67880797372e-11 9.49949026108e-08 -6.79865479469e-07 3.72529029846e-08 -5.77419996262e-08 -13.65625 395.25 5
590400 13 590400 590400 0.000691609922796 1.36424205266e-12 0 2 0.00880621885881 5153.68312454 4.20946105524e-09 0.40714961825 0.971225516744 0.498178427383 0.973011068239 -7.76139472182e-09 5.62523431359e-10 8.91461968422e-06 -9.64850187302e-07 9.685754776e-08 -7.07805156708e-08 -17.375 216.375 5
590384 15 590384 590384 0.000245062634349 4.54747350886e-12 0 2 0.0161101946142 5153.74233055 4.84591613757e-09 -0.320049870607 1.38606673693 0.195807610161 0.937931070971 -8.26212986516e-09 5.8645299955e-10 1.00266188383e-05 -2.14762985706e-06 1.63912773132e-07 -1.52736902237e-07 -42.46875 178 4
590400 11 590400 590400 -0.000752642285079 3.41060513165e-13 0 2 0.00175585271791 5153.59098434 4.62554981557e-09 -0.205961916192 -2.35023200476 -1.69352072342 0.965751707389 -8.4860677645e-09 -1.18219210019e-10 -3.70666384697e-07 -6.61239027977e-07 5.58793544769e-08 5.58793544769e-09 -11.9375 390.4375 125
590400 12 590400 590400 -0.000561159104109 -2.27373675443e-12 0 2 0.00896164763253 5153.77381897 4.42804158856e-09 -2.79986903575 1.46304795421 2.51829833157 0.961079811209 -7.63567519938e-09 -4.76091259683e-10 1.02203339338e-05 1.79000198841e-06 3.35276126862e-08 1.35973095894e-07 33.4375 180.71875 36
590400 24 590400 590400 -0.000469459220767 3.52429196937e-12 0 2 0.0164229008369 5153.67863655 5.59023285564e-09 -1.18943965566 1.04250927082 1.30091602627 0.933711867476 -8.43856578585e-09 1.81078971237e-10 4.90993261337e-06 7.30156898499e-07 2.92435288429e-07 2.58907675743e-07 7.46875 268.6875 85
590400 18 590400 590400 -0.00065949652344 9.09494701773e-13 0 2 0.00479606783483 5153.71660995 4.28089260207e-09 -1.34177470063 -2.93475501708 -1.72078699435 0.973971991831 -8.1956985266e-09 -5.03592405216e-11 1.65775418282e-07 -4.32133674622e-07 -1.11758708954e-07 2.421438694e-08 -7.0625 383.78125 96
590400 23 590400 590400 0.000392800197005 7.61701812735e-12 0 2 0.00498527649324 5153.63485336 3.63479426091e-09 -2.45969718486 -2.86863906354 -0.718211074408 0.982417804113 -7.60674542291e-09 -3.92873507616e-11 7.09481537342e-06 -6.76885247231e-06 -3.35276126862e-08 -4.28408384323e-08 -130.75 254.5625 100
590384 24 590384 590384 -0.000469459686428 3.52429196937e-12 0 2 0.0164229008369 5153.67862892 5.59023285564e-09 -1.19177311532 1.04250900603 1.30091616964 0.933711860161 -8.43856578585e-09 1.81078971237e-10 4.90993261337e-06 7.30156898499e-07 2.92435288429e-07 2.58907675743e-07 7.46875 268.6875 3
597600 5 597600 597600 -0.000197388231754 -1.13686837722e-12 0 2 0.00560218060855 5153.72970009 3.96230790317e-09 2.07699560924 1.32953082386 -0.73985063032 0.974527122429 -7.79211028696e-09 -1.7107855468e-10 6.62356615067e-06 -7.80075788498e-06 -9.685754776e-08 7.82310962677e-08 -148.9375 260.40625 32
597600 20 597600 597600 0.00036751665175 -3.41060513165e-13 0 2 0.0038385305088 5153.66985321 4.46875757026e-09 0.0946172462395 -2.38170415346 -0.87243940602 0.956696165481 -8.1674830656e-09 -2.03222750758e-10 5.45755028725e-06 -7.37607479095e-06 1.28522515297e-07 3.91155481339e-08 -143.59375 273.84375 54
597584 24 597584 597584 -0.000469434540719 3.52429196937e-12 0 2 0.0164225475164 5153.67763519 5.62023410531e-09 -0.141610234543 1.0425325239 1.30085412289 0.933712303425 -8.65357474184e-09 1.83936233111e-10 5.43892383575e-06 3.79979610443e-07 2.51457095146e-07 -4.47034835815e-08 6 265.28125 4
597600 29 597600 597600 -0.000551994424313 3.29691829393e-12 0 2 0.00287914380897 5153.73511124 4.22624746874e-09 1.67780404298 2.64483768939 -2.71184855819 0.968549731321 -7.97926093967e-09 7.57174396496e-11 6.44288957119e-06 7.50832259655e-06 -6.14672899246e-08 5.02914190292e-08 143.96875 255.40625 93
597600 13 597600 597600 0.000691619701684 1.36424205266e-12 0 2 0.00880642654374 5153.68356705 4.15767318378e-09 1.45730645425 0.971241276761 0.498122438582 0.97301517465 -7.72103589785e-09 5.86810157284e-10 8.93138349056e-06 -9.38773155212e-07 2.98023223877e-08 -1.58324837685e-07 -17.5 214.25 6
597600 23 597600 597600 0.000392854679376 7.61701812735e-12 0 2 0.00498616520781 5153.63160133 3.72229790579e-09 -1.4098004513 -2.86833616343 -0.718265353058 0.98241726576 -7.61924594361e-09 -1.42863093678e-10 6.63846731186e-06 -7.11530447006e-06 -1.73225998878e-07 5.58793544769e-09 -137.375 265.90625 101
597600 15 597600 597600 0.000245095230639 4.54747350886e-12 0 2 0.0161103514256 5153.7428093 4.86055960467e-09 0.732396705754 1.38609507658 0.195748827187 0.937934665361 -8.24641492485e-09 4.31803700643e-10 1.02240592241e-05 -2.50898301601e-06 -4.09781932831e-08 -2.04890966415e-07 -48.78125 176.53125 14
597600 18 597600 597600 -0.000659490469843 9.09494701773e-13 0 2 0.00479600881226 5153.71579361 4.42375569575e-09 -0.291731527515 -2.93464448045 -1.72084589436 0.973970610837 -8.36499129261e-09 -1.46791828755e-10 -8.19563865662e-08 -3.29688191414e-07 8.38190317154e-08 7.264316082e-08 -2.625 387.3125 97
597600 11 597600 597600 -0.000752639956772 3.41060513165e-13 0 2 0.00175531953573 5153.59004974 4.6498365415e-09 0.844253727654 -2.35021483449 -1.6935816525 0.965750810621 -8.47392440154e-09 -1.42505935944e-10 -3.44589352608e-07 -8.27014446259e-07 4.09781932831e-08 -2.79396772385e-08 -16.5625 390.28125 126
597600 12 597600 597600 -0.000561175402254 -2.27373675443e-12 0 2 0.00896289851516 5153.77065659 4.47304346307e-09 -1.74987782256 1.46317712841 2.51824341655 0.961076314835 -7.67710549654e-09 -4.77162732886e-10 1.01272016764e-05 2.52574682236e-06 1.35973095894e-07 9.49949026108e-08 45.4375 184.5 39
597600 32 597600 597600 -0.000551377888769 6.48014975013e-12 0 2 0.00823367910925 5153.77216721 4.0858844792e-09 2.41691870993 -2.11590798813 0.344537290607 0.963957226242 -7.51924177803e-09 6.21454457501e-10 9.87760722637e-06 -1.50501728058e-06 -1.78813934326e-07 6.33299350739e-08 -29.84375 189.125 43
597600 10 597600 597600 -0.000253465492278 -1.58024704433e-11 0 2 0.0101115661673 5153.68894577 3.5583625058e-09 -2.58330061531 -2.33648976779 -0.68823667294 0.987325044314 -7.44781023119e-09 -6.46455498895e-11 6.96629285812e-06 -7.36862421036e-06 -9.49949026108e-08 4.65661287308e-08 -141.5 258.625 133
597584 25 597584 597584 0.000497533008456 -4.54747350886e-13 0 2 0.0122767955763 5153.68783951 4.7469834452e-09 -1.93395023304 1.10509870965 2.42926575608 0.949078566715 -7.75067998979e-09 -4.38589697593e-10 9.3299895525e-06 1.3392418623e-06 -4.09781932831e-08 1.71363353729e-07 26.6875 190.3125 32
0 12 0 0 -0.000561191700399 -2.27373675443e-12 0 2 0.00896302249748 5153.7724247 4.45304262996e-09 -0.699651040051 1.46307093958 2.39777187426 0.961072085539 -7.87461372356e-09 -4.52518849226e-10 1.01402401924e-05 2.37859785557e-06 5.40167093277e-08 -9.49949026108e-08 45.75 191.9375 81
0 5 0 0 -0.000197396147996 -1.13686837722e-12 0 2 0.0056016491726 5153.73026085 3.95766485263e-09 3.1271925526 1.32947691533 -0.860321426515 0.974525960872 -7.72996484121e-09 -2.03222750758e-10 6.94580376148e-06 -7.53626227379e-06 -7.45058059692e-09 6.70552253723e-08 -146.84375 252.40625 70
0 10 0 0 -0.000253579113632 -1.58024704433e-11 0 2 0.0101119197207 5153.68844795 3.61443627006e-09 -1.53314614338 -2.33647936352 -0.808705008507 0.987324070011 -7.53067082552e-09 -1.89650756858e-10 6.77444040775e-06 -7.49155879021e-06 -1.00582838058e-07 2.45869159698e-07 -143.65625 262.375 134
0 32 0 0 -0.00055133132264 6.48014975013e-12 0 2 0.00823494710494 5153.76972389 4.09374194936e-09 -2.81610932383 -2.11594703926 0.224068527868 0.963961781769 -7.45138180853e-09 5.92881838765e-10 9.90182161331e-06 -1.95205211639e-06 -6.70552253723e-08 7.45058059692e-08 -39.21875 188.96875 65
604784 25 604784 604784 0.000497529748827 -4.54747350886e-13 0 2 0.0122771983733 5153.68847847 4.80377152494e-09 -0.883752978076 1.10507544633 2.42920953321 0.949073803453 -8.05497837932e-09 -5.17164399116e-10 9.43057239056e-06 1.73412263393e-06 2.10478901863e-07 -9.31322574615e-09 29.5 195.5625 39
0 24 0 0 -0.000469409395009 3.52429196937e-12 0 2 0.0164229986258 5153.6785965 5.53773066871e-09 0.910897301615 1.04254387322 1.18037771056 0.933712923703 -8.5978581353e-09 -1.57149403046e-11 5.49107789993e-06 2.98023223877e-07 4.65661287308e-08 -2.08616256714e-07 6.6875 262 31
0 23 0 0 0.000392909627408 7.61701812735e-12 0 2 0.00498688197695 5153.63412666 3.8351597498e-09 -0.359371252135 -2.86856551241 -0.838735334408 0.982414976293 -7.81818280155e-09 -2.69296931584e-10 6.5304338932e-06 -7.78026878834e-06 5.77419996262e-08 1.06170773506e-07 -147.25 266.84375 102
0 15 0 0 0.000245127826929 4.54747350886e-12 0 2 0.0161106785526 5153.74235535 4.75091218028e-09 1.78255940659 1.38607330251 0.0752743341982 0.937939560285 -7.89425739894e-09 5.36808074497e-10 1.0259449482e-05 -2.86474823952e-06 -3.76254320145e-07 1.86264514923e-08 -50.8125 170.53125 15
0 18 0 0 -0.000659483950585 9.09494701773e-13 0 2 0.00479673722293 5153.71710205 4.50625913235e-09 0.758439014566 -2.93466084319 -1.84132187367 0.973969302988 -8.43999441679e-09 -1.30719730716e-10 -5.28991222382e-07 -5.02914190292e-08 2.60770320892e-08 5.58793544769e-09 -1.125 393.3125 98
0 28 0 0 -0.000520980451256 -1.02318153949e-11 0 2 0.000459499075077 5153.77652931 4.76626996285e-09 -1.19639633583 1.418567102 1.25063750683 0.960959208243 -7.99354724904e-09 1.51077721565e-10 5.36628067493e-06 2.83122062683e-07 -3.16649675369e-08 1.49011611938e-08 3.1875 274.34375 140
604784 31 604784 604784 -0.000219053123146 7.95807864051e-13 0 2 0.0107167625101 5153.59474945 4.99842249007e-09 -1.02511686307 0.790516561194 1.42409718396 0.953795691933 -8.16998316974e-09 1.13576159474e-10 4.92110848427e-06 5.3271651268e-07 1.13621354103e-07 1.78813934326e-07 4.5625 275.375 7
