431984 25 431984 431984 0.000497615430504 -4.54747350886e-13 0 2 0.0122696839971 5153.69452095 4.69555273148e-09 -0.954718879553 1.10470129332 2.43057400714 0.949152711792 -8.08997983728e-09 -2.53939149013e-10 9.89809632301e-06 3.5185366869e-06 2.421438694e-07 2.23517417908e-08 63.8125 186.40625 10
432000 12 432000 432000 -0.000560796819627 -2.27373675443e-12 0 2 0.00896056322381 5153.77754021 4.39982612756e-09 -0.769294598174 1.46263618666 2.51952488012 0.961143907502 -7.95140263641e-09 -1.60720980388e-10 1.0184943676e-05 4.05311584473e-06 9.685754776e-08 -8.38190317154e-08 77.40625 191.3125 79
432000 23 432000 432000 0.00039159366861 7.61701812735e-12 0 2 0.00498364516534 5153.63185692 3.8090872352e-09 -0.430709238049 -2.86929193316 -0.716996628576 0.982418319061 -7.69639201419e-09 -4.21446126351e-11 9.20705497265e-06 -5.31412661076e-06 6.14672899246e-08 1.09896063805e-07 -99.75 215.1875 76
432000 18 432000 432000 -0.000659630633891 7.95807864051e-13 0 2 0.00479802337941 5153.71714783 4.43161316591e-09 0.687627115938 -2.93479268868 -1.71948002334 0.973982852535 -8.30998900154e-09 -2.81797452281e-10 2.23889946938e-06 -3.18884849548e-06 3.72529029846e-08 3.53902578354e-08 -61.84375 339.875 72
432000 31 432000 432000 -0.000219187233597 7.95807864051e-13 0 2 0.0107176026795 5153.59743309 4.88770359247e-09 -1.09440259289 0.789316454884 1.4255016804 0.95382386481 -8.14391065514e-09 -1.56792245312e-10 6.15976750851e-06 -1.06170773506e-07 7.63684511185e-08 2.08616256714e-07 -7 250.875 36
432000 24 432000 432000 -0.000470011029392 3.41060513165e-12 0 2 0.0164196052356 5153.68219185 5.44915555063e-09 0.839994933206 1.0417770496 1.30224436613 0.933721822633 -8.6092871828e-09 -2.96440919383e-10 6.39446079731e-06 -3.29688191414e-07 6.14672899246e-08 -1.99303030968e-07 -5.375 244.65625 84
432000 10 432000 432000 -0.000250852201134 -1.58024704433e-11 0 2 0.0101075145649 5153.68789101 3.57550607704e-09 -1.60345917085 -2.33740031872 -0.686978292752 0.987324560088 -7.41816613925e-09 4.96449250533e-11 9.14558768272e-06 -5.24148344994e-06 -1.00582838058e-07 2.06753611565e-07 -100.21875 216.625 125
432000 32 432000 432000 -0.000552443787456 6.36646291241e-12 0 2 0.00821753940545 5153.76491547 4.3208942683e-09 -2.88514356634 -2.11713121586 0.345830298066 0.96387308212 -7.6463899314e-09 4.94306304127e-10 8.17328691483e-06 -4.97326254845e-07 -7.45058059692e-08 5.02914190292e-08 -10.84375 221.96875 28
432000 28 432000 432000 -0.000519206747413 -1.03455022327e-11 0 2 0.000457311049104 5153.77812576 4.68376652625e-09 -1.25948743999 1.41152017294 1.37244229267 0.960979242906 -8.00890503161e-09 -1.41077305007e-10 6.49318099022e-06 -3.85567545891e-07 -4.47034835815e-08 2.04890966415e-08 -9.6875 252.3125 114
439200 28 439200 439200 -0.000519280787557 -1.03455022327e-11 0 2 0.000457644695416 5153.77897644 4.62697844651e-09 -0.208704549656 1.41085487291 1.37238513938 0.960978318341 -7.94783105907e-09 -1.81436128972e-10 6.50249421597e-06 -2.47731804848e-07 2.421438694e-08 -1.30385160446e-08 -6.53125 253.0625 115
439200 25 439200 439200 0.000497611705214 -4.54747350886e-13 0 2 0.0122687721159 5153.69294357 4.66483716634e-09 0.0977844082902 1.104701109 2.43051536314 0.949150738315 -8.12426697976e-09 -2.8001166361e-10 9.76957380772e-06 2.86474823952e-06 1.6950070858e-07 -1.210719347e-07 56.71875 190.625 21
439200 31 439200 439200 -0.000219181645662 7.95807864051e-13 0 2 0.010717487894 5153.59700012 4.84984487265e-09 -0.0441944143147 0.789338650277 1.42544267653 0.953822318505 -8.21748514838e-09 -1.84650548579e-10 6.61984086037e-06 -1.37835741043e-07 1.80676579475e-07 6.33299350739e-08 -5.8125 248.625 37
439200 24 439200 439200 -0.000469985883683 3.41060513165e-12 0 2 0.0164197403938 5153.68407249 5.2973635136e-09 1.89011669136 1.04183747251 1.30218200047 0.933721237466 -8.31213194795e-09 -1.46077513286e-10 6.22682273388e-06 -8.79168510437e-07 -3.18512320518e-07 -2.10478901863e-07 -12.03125 246.625 93
439200 12 439200 439200 -0.000560813583434 -2.27373675443e-12 0 2.8 0.00895902875345 5153.77434731 4.34160941689e-09 0.280737404103 1.46272180979 2.51946804283 0.961142595264 -7.93747348477e-09 -2.43938732456e-10 9.58517193794e-06 3.19443643093e-06 -2.04890966415e-08 -1.41561031342e-07 65.46875 196.75 80
439200 23 439200 439200 0.000391648616642 7.61701812735e-12 0 2 0.00498407252599 5153.63272476 3.87480425829e-09 0.619423648521 -2.86922303264 -0.717052267739 0.982417842149 -7.73317926081e-09 -4.82162941165e-11 9.05618071556e-06 -4.87640500069e-06 6.70552253723e-08 3.35276126862e-08 -94.25 214.59375 77
439200 10 439200 439200 -0.000250965822488 -1.58024704433e-11 0 2 0.0101071585668 5153.6861496 3.78765777115e-09 -0.553376235621 -2.33731678756 -0.687032242245 0.987323127891 -7.74889420112e-09 -3.42871424828e-11 9.37469303608e-06 -5.01424074173e-06 1.6950070858e-07 -1.86264514923e-09 -95.5625 211.90625 126
439200 32 439200 439200 -0.000552397686988 6.36646291241e-12 0 2 0.00821857119445 5153.76219749 4.43804200512e-09 -1.83514307093 -2.11700710189 0.345775666853 0.96387631078 -7.70424948434e-09 3.99302346831e-10 7.84918665886e-06 -3.20374965668e-07 -1.02445483208e-07 2.08616256714e-07 -6.1875 231.34375 29
439200 18 439200 439200 -0.000659624580294 7.95807864051e-13 0 2 0.00479821942281 5153.7179203 4.48697261471e-09 1.7377042624 -2.93471596156 -1.71954028093 0.973981032665 -8.30391732006e-09 -1.92865176466e-10 2.64123082161e-06 -3.00444662571e-06 1.62050127983e-07 7.45058059692e-09 -60.125 337.25 73
432000 15 432000 432000 0.000244347844273 4.54747350886e-12 0 2 0.0161202438176 5153.73651505 5.02663795108e-09 1.71196713147 1.38596533623 0.197083748712 0.937852654173 -8.14319633967e-09 4.62519265784e-10 8.27759504318e-06 -9.36910510063e-07 -3.91155481339e-07 -3.72529029846e-09 -12.5 209.21875 23
439200 15 439200 439200 0.000244380440563 4.54747350886e-12 0 2 0.0161197753623 5153.73750496 4.92627662777e-09 2.76209366459 1.38598392407 0.197027262519 0.937856846896 -7.84246952748e-09 3.70372570361e-10 8.03545117378e-06 -3.96743416786e-07 -7.63684511185e-08 1.63912773132e-07 -7.8125 209.0625 28
439184 12 439184 439184 -0.000560812652111 -2.27373675443e-12 0 2 0.00895902793854 5153.77435112 4.34196657462e-09 0.278403606502 1.4627219751 2.51946816278 0.961142592338 -7.93783064251e-09 -2.43938732456e-10 9.58517193794e-06 3.19443643093e-06 -2.04890966415e-08 -1.39698386192e-07 65.46875 196.75 65
439184 26 439184 439184 -2.40737572312e-05 -1.45519152284e-11 0 2 0.00977042666636 5153.75290298 5.06199656676e-09 -0.686436599057 0.599229013871 2.36406594328 0.929857729335 -8.27034449304e-09 -3.08227124611e-10 9.75653529167e-06 2.671033144e-06 9.87201929092e-08 1.30385160446e-07 48.84375 172.40625 74
432000 29 432000 432000 -0.000552533194423 3.29691829393e-12 0 2 0.00287700991612 5153.7294178 4.56447584303e-09 2.65675280019 2.64532672388 -2.71051882417 0.968522560544 -8.20498462769e-09 1.96079596074e-10 3.80352139473e-06 5.17629086971e-06 6.51925802231e-08 -7.45058059692e-09 99.34375 312 68
439200 29 439200 439200 -0.000552509911358 3.29691829393e-12 0 2 0.00287653773557 5153.73028374 4.46982904346e-09 -2.57632193577 2.6453627263 -2.71057786462 0.968524462337 -8.12498129523e-09 2.34652631367e-10 3.87616455555e-06 5.0775706768e-06 -2.98023223877e-08 -1.30385160446e-08 95.46875 312.6875 69
439200 16 439200 439200 -9.31578688323e-05 9.54969436862e-12 0 2 0.0144304542337 5153.67243576 4.26374903083e-09 -1.50291600482 0.863054420812 2.53706382106 0.960521943492 -7.69603485646e-09 -1.37505727665e-10 9.75467264652e-06 3.95625829697e-06 -5.58793544769e-08 2.94297933578e-07 76.6875 183.28125 35
446400 28 446400 446400 -0.000519354827702 -1.03455022327e-11 0 2 0.000457196030766 5153.77807999 4.70555314803e-09 0.841766544555 1.41050140118 1.37232826552 0.960976716446 -7.96461747257e-09 -2.55010622216e-10 6.5453350544e-06 -2.64495611191e-07 -5.02914190292e-08 3.35276126862e-08 -5.28125 256.25 116
446400 25 446400 446400 0.000497608445585 -4.54747350886e-13 0 2 0.0122695709579 5153.69540215 4.55947563475e-09 1.14786576942 1.10478906987 2.43045732041 0.949148242577 -8.10283751571e-09 -3.68229623956e-10 9.87946987152e-06 2.44937837124e-06 7.45058059692e-09 -1.84401869774e-07 48.0625 184.125 22
446400 31 446400 446400 -0.000219176057726 7.95807864051e-13 0 2 0.0107175206067 5153.59703827 4.84948771491e-09 1.00603774002 0.789335872196 1.42538497319 0.95382043573 -8.13283876538e-09 -3.88587614805e-10 6.82100653648e-06 -7.82310962677e-08 3.53902578354e-08 -1.54599547386e-07 -5.34375 248.84375 99
446400 29 446400 446400 -0.000552486162633 3.29691829393e-12 0 2 0.0028769542696 5153.72957039 4.40982654412e-09 -1.52624984662 2.64543695622 -2.71063627309 0.96852618858 -8.11283793226e-09 2.3322400043e-10 4.17605042458e-06 4.76650893688e-06 -1.49011611938e-08 3.72529029846e-09 94.40625 307.90625 70
446400 26 446400 446400 -2.41785310209e-05 -1.45519152284e-11 0 2 0.00977120897733 5153.75452805 4.99056501992e-09 0.36607940886 0.599181742599 2.36400650492 0.929855517403 -8.23320008869e-09 -3.55371945525e-10 9.48645174503e-06 2.71387398243e-06 1.86264514923e-07 2.23517417908e-08 50.25 179.9375 77
446400 23 446400 446400 0.000391703564674 7.61701812735e-12 0 2 0.00498425005935 5153.63244629 3.91623455546e-09 1.66967416395 -2.86927230226 -0.717107937624 0.982417473494 -7.71817863598e-09 -3.60729311538e-11 9.11392271519e-06 -4.63612377644e-06 9.87201929092e-08 -1.86264514923e-08 -90.8125 216.84375 78
446400 10 446400 446400 -0.000251078978181 -1.58024704433e-11 0 2 0.010108240298 5153.68821907 3.81765902082e-09 0.496805228606 -2.33733085645 -0.687088266156 0.987322788494 -7.77675250439e-09 -4.78591363823e-11 9.3262642622e-06 -4.42937016487e-06 1.00582838058e-07 -8.56816768646e-08 -87.84375 213.71875 127
446400 32 446400 446400 -0.000552351120859 6.36646291241e-12 0 2 0.00821869296487 5153.76220322 4.63019286612e-09 -0.785019015993 -2.11700448765 0.345719666349 0.963877349452 -8.04462080503e-09 3.10370071016e-10 7.79144465923e-06 -2.34693288803e-07 1.78813934326e-07 7.45058059692e-09 -4.625 232.59375 48
446400 16 446400 446400 -9.30894166231e-05 9.54969436862e-12 0 2 0.0144313607598 5153.67539024 4.28124975981e-09 -0.452649154448 0.862966397031 2.53700749433 0.960519169799 -8.03962059675e-09 -2.01794119821e-10 9.67457890511e-06 4.08291816711e-06 1.88127160072e-07 3.35276126862e-08 74.71875 194.375 36
446400 3 446400 446400 0.000633572228253 8.07176547823e-12 0 2 0.00565340230241 5153.61174393 3.67872466222e-09 1.51145765579 1.14602977505 -0.684563026706 0.987700228673 -7.60067374143e-09 5.53594488004e-11 9.11019742489e-06 -5.53578138351e-06 -2.60770320892e-08 -1.63912773132e-07 -105.71875 218.25 173
446384 27 446384 446384 -3.3785123378e-05 4.54747350886e-13 0 2 0.0130883040838 5153.68808174 4.55983279248e-09 -1.3798839097 0.804499484758 -2.79590739215 0.959314739104 -8.1821265327e-09 2.52153360342e-10 4.02145087719e-06 5.46686351299e-06 -1.30385160446e-08 3.29688191414e-07 103.75 297.75 34
446400 4 446400 446400 0.000502375420183 6.02540239925e-12 0 2 0.00322395190597 5153.67412949 4.40196907397e-09 -1.77666817551 -2.97435060066 0.391391521131 0.966773699034 -7.76818071876e-09 4.09659921123e-10 8.03358852863e-06 -4.842877388e-07 -3.53902578354e-08 -2.421438694e-08 -7.6875 227.625 188
453600 28 453600 453600 -0.000519428867847 -1.02318153949e-11 0 2 0.000457267742604 5153.77920532 4.75876965043e-09 1.89058467885 1.4118015272 1.37227083428 0.960974432831 -8.04247785863e-09 -2.83940398686e-10 6.2882900238e-06 -4.63798642159e-07 3.35276126862e-08 1.11758708954e-08 -7.5625 259.9375 117
453600 27 453600 453600 -3.37823294103e-05 4.54747350886e-13 0 2 0.0130877810298 5153.68745995 4.62876423518e-09 -0.327376061944 0.804497527374 -2.79596720355 0.959315337437 -8.42713673836e-09 2.1786621786e-10 4.4796615839e-06 5.30295073986e-06 1.34110450745e-07 9.685754776e-08 98.03125 294.6875 66
453600 31 453600 453600 -0.000219170469791 7.95807864051e-13 0 2 0.0107174179284 5153.59864807 4.87770317592e-09 2.05618807774 0.789415766541 1.4253262458 0.953818032155 -8.03640617715e-09 -3.49657421778e-10 6.76512718201e-06 -8.28877091408e-07 -1.24797224998e-07 -1.41561031342e-07 -11.375 250.46875 100
453600 29 453600 453600 -0.000552462879568 3.29691829393e-12 0 2 0.00287756964099 5153.73237801 4.26839208138e-09 -0.475630814813 2.64496223931 -2.71069471959 0.968527897269 -8.11462372094e-09 2.38581366443e-10 4.33437526226e-06 4.88199293613e-06 -7.45058059692e-09 1.11758708954e-08 96.125 297.0625 72
453600 3 453600 453600 0.000633630435914 8.07176547823e-12 0 2 0.00565396796446 5153.60874176 3.70551149228e-09 2.56193855009 1.14576283639 -0.684617279023 0.987701258568 -7.480311585e-09 7.35744932444e-11 9.52556729317e-06 -5.43892383575e-06 -1.06170773506e-07 -2.98023223877e-08 -104.125 206.4375 174
453600 16 453600 453600 -9.30204987526e-05 9.54969436862e-12 0 2 0.0144300771644 5153.67293167 4.25803450709e-09 0.597533671756 0.862961933668 2.53695083697 0.960517567904 -7.93068748782e-09 -3.7108688583e-10 9.60379838943e-06 3.61166894436e-06 1.47148966789e-07 -2.23517417908e-07 65.75 196.59375 37
453600 26 453600 453600 -2.42833048105e-05 -1.45519152284e-11 0 2 0.00977102899924 5153.75476074 4.99913680554e-09 1.41618413572 0.599211887489 2.36394801453 0.929852470145 -8.19319842246e-09 -4.7073389367e-10 9.70996916294e-06 2.47359275818e-06 6.14672899246e-08 -1.04308128357e-07 45.5625 178.5 120
453600 4 453600 453600 0.000502419192344 6.02540239925e-12 0 2 0.0032238495769 5153.67324829 4.45518557636e-09 -0.726629091247 -2.97420965728 0.391335879042 0.966776238659 -7.8238973253e-09 3.34656796942e-10 7.91624188423e-06 -3.98606061935e-07 -2.60770320892e-08 8.38190317154e-08 -5.375 230.0625 189
453600 32 453600 453600 -0.000552305020392 6.36646291241e-12 0 2 0.00821952300612 5153.76380539 4.64947938376e-09 0.265123667739 -2.11701975759 0.345661385156 0.963879483849 -8.0871225754e-09 3.0894144008e-10 7.85477459431e-06 1.50874257088e-07 9.49949026108e-08 -6.14672899246e-08 1.25 231.46875 49
453600 8 453600 453600 0.000447819475085 8.52651282912e-12 0 2 0.0102382092737 5153.73176193 4.72912555849e-09 -0.41028013274 0.394390481249 -2.82426462546 0.950268147328 -8.43035115796e-09 2.07151485834e-10 4.26918268204e-06 5.46872615814e-06 3.35276126862e-08 1.88127160072e-07 102.5 290.25 14
453600 18 453600 453600 -0.000659612007439 7.95807864051e-13 0 2 0.00479740672745 5153.71873856 4.36446751188e-09 -2.44496839104 -2.93492082714 -1.71965893237 0.973980314372 -8.15283959849e-09 -3.53586156854e-11 2.39349901676e-06 -2.49780714512e-06 -1.22934579849e-07 -5.40167093277e-08 -46.875 344.15625 76
453600 9 453600 453600 0.000504133291543 1.56887836056e-11 0 2 0.00321547186468 5153.78782082 4.59126267309e-09 0.163885472248 2.02919812132 0.330203187705 0.960592833576 -7.92854454142e-09 3.80015829185e-10 8.10064375401e-06 -5.60656189919e-07 -2.79396772385e-08 -1.86264514923e-08 -9.1875 222.8125 70
457184 28 457184 457184 -0.000519465655088 -1.02318153949e-11 0 2 0.000457296147943 5153.77915001 4.78484216502e-09 2.41335575539 1.41175592366 1.37224192117 0.960973367827 -8.05819279893e-09 -2.77868717205e-10 6.24544918537e-06 -4.22820448875e-07 1.11758708954e-08 3.72529029846e-09 -7.84375 259.90625 118
460800 28 460800 460800 -0.000519502907991 -1.02318153949e-11 0 2 0.000457571004517 5153.77858925 4.80627162908e-09 2.94104550338 1.41145908295 1.37221276375 0.960972361339 -8.06033574534e-09 -2.76082928534e-10 6.22123479843e-06 -4.88013029099e-07 9.31322574615e-09 7.45058059692e-09 -10.125 260.6875 119
460800 27 460800 460800 -3.37790697813e-05 4.54747350886e-13 0 2 0.0130897444906 5153.69153404 4.44447084434e-09 0.722725505013 0.804567446081 -2.79602644003 0.959316706729 -8.30213153139e-09 5.25021869268e-11 5.04404306412e-06 5.64008951187e-06 1.52736902237e-07 -1.35973095894e-07 107.96875 281.5625 67
460800 31 460800 460800 -0.000219165347517 7.95807864051e-13 0 2 0.0107170166448 5153.59970093 4.91877631535e-09 3.10637854038 0.789454289563 1.42526866535 0.953815789502 -7.98354683249e-09 -3.36085427879e-10 6.20819628239e-06 -6.91041350365e-07 -1.63912773132e-07 -3.16649675369e-08 -11.46875 254.9375 101
460800 18 460800 460800 -0.000659605953842 7.95807864051e-13 0 2 0.00479764747433 5153.71653366 4.3344662622e-09 -1.39505718923 -2.93467918233 -1.71971818055 0.97398034802 -8.18534095231e-09 3.75015620906e-11 1.62608921528e-06 -2.59093940258e-06 -6.89178705215e-08 5.02914190292e-08 -46.78125 352.90625 77
460800 16 460800 460800 -9.29520465434e-05 9.54969436862e-12 0 2.8 0.0144309013849 5153.67679024 4.23696220077e-09 1.64758360063 0.863090377876 2.53689372465 0.960514732768 -7.87318509262e-09 -3.87873299337e-10 1.02128833532e-05 2.7846544981e-06 -5.77419996262e-08 -2.73808836937e-07 54.5 187.65625 98
460800 26 460800 460800 -2.43880786002e-05 -1.45519152284e-11 0 2 0.00977093563415 5153.7566452 4.93270546698e-09 2.46621122991 0.59931877121 2.36388895506 0.929849882243 -8.04569227824e-09 -4.03945397376e-10 9.70810651779e-06 1.85146927834e-06 -1.17346644402e-07 -9.12696123123e-08 37.1875 177.1875 121
460800 4 460800 460800 0.000502462498844 6.02540239925e-12 0 2 0.00322417751886 5153.67385292 4.54697511405e-09 0.323548170017 -2.97420599121 0.391279202669 0.966778140453 -7.92640159501e-09 3.25013538118e-10 7.6238065958e-06 -3.35276126862e-07 1.30385160446e-08 -1.30385160446e-08 -4.375 232.40625 190
460800 9 460800 460800 0.000504246447235 1.56887836056e-11 0 2 0.00321512995288 5153.78706551 4.62090676503e-09 1.21406363321 2.02913205301 0.330146120734 0.960595684803 -7.90175771135e-09 3.82873091058e-10 8.05594027042e-06 -5.04776835442e-07 -4.842877388e-08 1.49011611938e-08 -6.5625 221.53125 92
460800 8 460800 460800 0.000447880942374 8.52651282912e-12 0 2 0.0102382746991 5153.73198891 4.64269338681e-09 0.6398330966 0.394423958667 -2.82432438273 0.950269838462 -8.29641700764e-09 1.04290058385e-10 4.4871121645e-06 5.60469925404e-06 2.30967998505e-07 4.09781932831e-08 105.5 286.25 15
460800 21 460800 460800 9.8614487797e-05 2.38742359215e-12 0 2 0.0258134078467 5153.61976051 4.91591905347e-09 0.466656004039 -0.471173963201 -1.83238570441 0.960590630421 -8.76000774663e-09 -1.4643467102e-11 1.66520476341e-06 -2.38791108131e-06 -3.35276126862e-07 3.48314642906e-07 -39.5 345.625 93
460800 7 460800 460800 -1.44322402775e-05 9.09494701773e-13 0 2 0.0188791000983 5153.75488853 4.87556022951e-09 -2.12252640946 -2.08685060369 1.40284958622 0.949910630631 -7.77353808478e-09 -1.74292974288e-10 6.03497028351e-06 -4.26545739174e-07 -1.00582838058e-07 2.36555933952e-07 -6.3125 253.75 29
460800 2 460800 460800 -0.000282344408333 8.98126018001e-12 0 2 0.0165297599742 5153.67584038 4.70555314803e-09 0.768580524452 -1.06852624774 -1.82391683947 0.966346768336 -8.56714257016e-09 -3.53586156854e-11 2.14949250221e-06 -2.51270830631e-06 -3.42726707458e-07 -5.77419996262e-08 -41.59375 342.71875 22
460784 16 460784 460784 -9.29506495595e-05 9.54969436862e-12 0 2 0.0144308998715 5153.67679024 4.2373193585e-09 1.64524988495 0.863090351543 2.53689383437 0.960514740083 -7.87318509262e-09 -3.87516141603e-10 1.02128833532e-05 2.7846544981e-06 -5.77419996262e-08 -2.73808836937e-07 54.5 187.65625 1
460800 30 460800 460800 -0.000252456404269 8.29913915368e-12 0 2 0.00721921015065 5153.74998283 5.30950687656e-09 -2.29733965154 -2.45575180159 1.40025859007 0.935080782828 -8.1842694791e-09 -2.36438420038e-10 6.1746686697e-06 -5.3271651268e-07 -6.51925802231e-08 6.14672899246e-08 -7.65625 245.5 35
468000 27 468000 468000 -3.37762758136e-05 4.54747350886e-13 0 2 0.0130902660312 5153.69174194 4.40446917811e-09 1.77289874033 0.80456323434 -2.79608657767 0.959317511334 -8.1831980059e-09 1.39291516336e-10 5.42961061001e-06 5.70341944695e-06 -2.60770320892e-08 -3.16649675369e-07 111.53125 274.75 68
468000 21 468000 468000 9.86317172647e-05 2.38742359215e-12 0 2 0.0258158515207 5153.62818718 4.53983195937e-09 1.51672926353 -0.471035865197 -1.83244471999 0.960591674945 -8.20784188956e-09 -2.87869133762e-10 7.71135091782e-07 -8.2328915596e-07 3.01748514175e-07 2.77534127235e-07 -13.65625 360.90625 94
467984 16 467984 467984 -9.28821973503e-05 9.54969436862e-12 0 2 0.0144318536622 5153.67416763 4.18017412103e-09 2.69550012242 0.863017597701 2.53683811036 0.960513560971 -7.55245744731e-09 -3.55014787791e-10 1.04028731585e-05 2.6598572731e-06 -1.75088644028e-07 4.65661287308e-08 53.8125 177.1875 2
468000 30 468000 468000 -0.000252396799624 8.29913915368e-12 0 2 0.00721935462207 5153.74947357 5.34950854279e-09 -1.24723341056 -2.45571801842 1.40019997972 0.935078705484 -8.26248702289e-09 -3.09298597814e-10 6.02379441261e-06 -4.47034835815e-07 1.11758708954e-08 1.86264514923e-07 -6.875 247.75 37
468000 7 468000 468000 -1.44257210195e-05 9.09494701773e-13 0 2 0.0188792292029 5153.75505829 5.10021244432e-09 -1.0723865989 -2.08685682548 1.40279380223 0.949906673437 -8.2792734364e-09 -3.87873299337e-10 6.02751970291e-06 -1.62050127983e-07 4.78699803352e-07 1.65775418282e-07 -5.9375 256.21875 32
468000 4 468000 468000 0.000502506271005 6.02540239925e-12 0 2 0.00322482304182 5153.67577362 4.61983529183e-09 1.37348779633 -2.97396468579 0.391221587104 0.966780558657 -7.96961768085e-09 3.95016454021e-10 7.96094536781e-06 2.62632966042e-07 3.35276126862e-08 7.82310962677e-08 1.8125 228.84375 191
468000 2 468000 468000 -0.000282279681414 8.98126018001e-12 0 2 0.0165306276176 5153.68319321 4.40411202037e-09 1.81853069548 -1.06829913264 -1.82397598378 0.966348273679 -8.09140846821e-09 -1.35005623526e-10 6.92903995514e-07 -1.585111022e-06 3.72529029846e-09 2.84984707832e-07 -26.65625 365.46875 51
468000 9 468000 468000 0.000504359137267 1.56887836056e-11 0 2 0.00321494671516 5153.78842926 4.6759090561e-09 2.26395831868 2.02934961965 0.330089018653 0.960598405831 -7.92747306822e-09 4.07159816984e-10 7.96653330326e-06 1.86264514923e-09 -6.70552253723e-08 5.40167093277e-08 -1.4375 222.21875 93
468000 8 468000 468000 0.000447941944003 8.52651282912e-12 0 2 0.0102395311696 5153.73669052 4.57804783693e-09 1.68976690635 0.394633975186 -2.82438363384 0.95027020858 -8.25427239501e-09 3.85730352932e-11 5.51715493202e-06 5.78537583351e-06 1.37835741043e-07 -1.02445483208e-07 110.3125 268.71875 69
468000 14 468000 468000 0.00056836893782 7.50333128963e-12 0 2 0.00512066797819 5153.70372391 4.54697511405e-09 -1.9439382243 -2.86209258706 2.47145315797 0.944417016291 -7.81818280155e-09 -3.30728061866e-10 9.75094735622e-06 2.88337469101e-06 -6.51925802231e-08 -5.21540641785e-08 55.96875 184.53125 15
468000 17 468000 468000 0.000501323491335 -1.65982783074e-11 0 2.8 0.0134092362132 5153.60185814 4.21088968617e-09 1.65802408708 -1.24866337056 -2.72637771635 0.966032107823 -7.9639031571e-09 2.07865801302e-10 3.92273068428e-06 5.0887465477e-06 -1.78813934326e-07 3.3900141716e-07 99.78125 301.1875 61
467984 3 467984 467984 0.000633747316897 8.07176547823e-12 0 2 0.00565474387258 5153.60702515 3.8226592291e-09 -1.62334091805 1.14595393299 -0.684725559831 0.987702891184 -7.56674375668e-09 1.28219626576e-10 9.0729445219e-06 -4.86895442009e-06 4.09781932831e-08 1.28522515297e-07 -94.90625 219.03125 79
467984 8 467984 467984 0.000447941012681 8.52651282912e-12 0 2 0.010239532101 5153.73669434 4.57804783693e-09 1.68743291857 0.394634288251 -2.82438349194 0.950270191025 -8.25427239501e-09 3.85730352932e-11 5.51715493202e-06 5.78537583351e-06 1.37835741043e-07 -1.02445483208e-07 110.3125 268.71875 77
475200 21 475200 475200 9.86489467323e-05 2.38742359215e-12 0 2 0.0258165590931 5153.62590218 4.56376152756e-09 2.56697868762 -0.471075186972 -1.83250452408 0.960590007218 -8.13641034272e-09 -1.17504894551e-10 4.3585896492e-07 -6.25848770142e-07 4.91738319397e-07 1.11758708954e-08 -11.03125 369.9375 103
475200 17 475200 475200 0.000501203816384 -1.65982783074e-11 0 2.8 0.0134079590207 5153.60581779 4.11731435981e-09 2.70811898313 -1.24853785512 -2.72643324579 0.96603352978 -7.78746723641e-09 7.39316509786e-11 4.3511390686e-06 6.0647726059e-06 5.02914190292e-08 1.54599547386e-07 113.9375 295.5 63
475200 30 475200 475200 -0.000252337194979 8.29913915368e-12 0 2 0.00721986836288 5153.75079727 5.49808616021e-09 -0.197027189373 -2.45578363907 1.40013962118 0.935075232517 -8.52714090393e-09 -3.25727853587e-10 5.71273267269e-06 -4.45172190666e-07 7.82310962677e-08 -6.33299350739e-08 -7.4375 252.75 38
475200 3 475200 475200 0.000633805058897 8.07176547823e-12 0 2 0.00565524562262 5153.61023521 3.76337104522e-09 -0.570500531454 1.14566245826 -0.684780605049 0.987703239359 -7.68139138936e-09 1.1571910588e-10 8.72649252415e-06 -5.07943332195e-06 9.87201929092e-08 1.86264514923e-09 -98.34375 231.46875 83
475200 14 475200 475200 0.00056842295453 7.50333128963e-12 0 2 0.00512127275579 5153.70554161 4.62090676503e-09 -0.89360234761 -2.86226602624 2.47139754075 0.944413799334 -7.93283043423e-09 -4.95734935064e-10 9.82172787189e-06 2.28546559811e-06 -6.89178705215e-08 1.82539224625e-07 46.0625 185.21875 16
475200 7 475200 475200 -1.44192017615e-05 9.09494701773e-13 0 2 0.0188792094123 5153.75511742 5.27986278462e-09 -0.0222444930181 -2.08686250307 1.40273181108 0.949902840592 -8.62571643857e-09 -3.0644133594e-10 6.05173408985e-06 -1.89989805222e-07 1.78813934326e-07 -1.32247805595e-07 -6.28125 257.78125 35
475200 2 475200 475200 -0.000282214954495 8.98126018001e-12 0 2 0.0165310384473 5153.68290329 4.4283987463e-09 2.86869402976 -1.06828827632 -1.8240345795 0.966347420797 -8.08069373619e-09 -4.64305054455e-11 5.19677996635e-07 -1.23493373394e-06 1.76951289177e-07 2.55182385445e-07 -22.03125 369.90625 52
475184 8 475184 475184 0.00044800247997 8.52651282912e-12 0 2 0.0102406830993 5153.73340988 4.54626079858e-09 2.73770657004 0.394504615192 -2.8244429303 0.950271645165 -8.06676458455e-09 1.40720147273e-10 5.87292015553e-06 6.19702041149e-06 -8.00937414169e-08 -1.47148966789e-07 120.46875 261.03125 78
475200 19 475200 475200 0.000578925013542 4.66116034659e-12 0 2 0.0100026492728 5153.60193062 4.26589197724e-09 -1.7032399898 2.6965854277 -2.68224313684 0.965226380822 -8.08926552181e-09 2.83940398686e-10 4.21144068241e-06 5.17815351486e-06 -6.33299350739e-08 -1.13621354103e-07 98.15625 303.5 33
475184 17 475184 475184 0.000501203816384 -1.65982783074e-11 0 2 0.0134079587879 5153.60582924 4.11767151755e-09 2.70578550006 -1.2485382896 -2.72643309804 0.966033516614 -7.78782439415e-09 7.42888087128e-11 4.3511390686e-06 6.06290996075e-06 5.02914190292e-08 1.54599547386e-07 113.9375 295.5 26
475200 6 475200 475200 -7.51912593842e-05 -2.79669620795e-11 0 2.8 0.00341513426974 5153.75495529 3.92659212975e-09 0.805800617264 -0.737020291991 -1.72087484989 0.989084962559 -8.04676375144e-09 -3.67872466222e-11 2.14762985706e-06 -2.64309346676e-06 -9.12696123123e-08 2.421438694e-08 -51.5625 349.78125 99
475184 6 475184 475184 -7.51912593842e-05 -2.79669620795e-11 0 2 0.00341512775049 5153.75495338 3.92694928749e-09 0.803466072113 -0.737019310373 -1.72087469629 0.989084955244 -8.04676375144e-09 -3.67872466222e-11 2.14762985706e-06 -2.64309346676e-06 -9.12696123123e-08 2.421438694e-08 -51.5625 349.78125 26
482400 17 482400 482400 0.000501084141433 -1.65982783074e-11 0 2 0.0134077597177 5153.60619354 4.17053086221e-09 -2.52485270927 -1.24853199467 -2.72648936625 0.966034207111 -7.7967533375e-09 9.85755346381e-11 4.68268990517e-06 5.98840415478e-06 1.28522515297e-07 1.50874257088e-07 114.0625 293.5625 27
482400 30 482400 482400 -0.000252278055996 8.29913915368e-12 0 2 0.00721956288908 5153.75011444 5.6148767393e-09 0.853142717801 -2.455812027 1.40007769147 0.935072944513 -8.57392856711e-09 -2.73939982128e-10 5.76861202717e-06 -2.57045030594e-07 5.21540641785e-08 5.58793544769e-09 -8.96875 255.15625 39
482400 3 482400 482400 0.000633863266557 8.07176547823e-12 0 2 0.00565388938412 5153.60764503 3.71051170056e-09 0.479671869996 1.14570505112 -0.684835688304 0.987704000076 -7.6713909728e-09 6.71456540289e-11 8.32788646221e-06 -5.84498047829e-06 2.98023223877e-08 -4.842877388e-08 -107.8125 235.0625 84
482400 19 482400 482400 0.000578959006816 4.66116034659e-12 0 2 0.010003094445 5153.60376549 4.2758923938e-09 -0.652931080537 2.69649862399 -2.68230074363 0.965228070492 -8.11498087867e-09 1.4214877821e-10 4.66965138912e-06 5.13531267643e-06 -2.53319740295e-07 -2.23517417908e-08 97.6875 296.46875 73
482400 14 482400 482400 0.000568476505578 7.50333128963e-12 0 2 0.00512098660693 5153.70524788 4.7866279537e-09 0.156620299224 -2.86232641989 2.47133995298 0.944409404728 -8.09212278368e-09 -5.25379027002e-10 9.64850187302e-06 2.00420618057e-06 4.842877388e-08 4.842877388e-08 40.5625 183.03125 17
482400 7 482400 482400 -1.44131481647e-05 9.09494701773e-13 0 2 0.0188789584208 5153.75463867 5.3548659088e-09 1.02789521075 -2.08686514364 1.40266992964 0.949900416537 -8.58535761461e-09 -3.29656588663e-10 6.33485615253e-06 -2.88709998131e-07 1.28522515297e-07 -2.70083546638e-07 -7.40625 259.40625 54
482400 2 482400 482400 -0.000282150227576 8.98126018001e-12 0 2 0.0165316676721 5153.68174744 4.33875215501e-09 -2.36431700636 -1.06828766921 -1.82409278463 0.966347335948 -8.09819446516e-09 -7.14315468392e-13 4.24683094025e-07 -5.51342964172e-07 3.05473804474e-07 1.210719347e-07 -18.0625 372.375 53
482384 6 482384 482384 -7.53924250603e-05 -2.79669620795e-11 0 2 0.0034158390481 5153.75906754 3.82623080644e-09 1.85298601649 -0.736414382043 -1.72093199586 0.989084871858 -7.96426031484e-09 -7.60745973838e-11 1.73971056938e-06 -1.91293656826e-06 9.31322574615e-09 2.79396772385e-08 -38.25 358.3125 27
482400 21 482400 482400 9.86661761999e-05 2.38742359215e-12 0 2 0.025815648376 5153.62750244 4.35661004172e-09 -2.66600330226 -0.471069216804 -1.83256312127 0.960590039402 -8.0453351205e-09 -8.9289433549e-12 5.88595867157e-07 -5.60656189919e-07 3.42726707458e-07 -2.40281224251e-07 -18.3125 372.40625 104
482400 11 482400 482400 -0.000752670224756 2.27373675443e-13 0 2 0.00175599823706 5153.59179497 4.33303763127e-09 2.89161579826 -2.35172849827 -1.692620015 0.965761247078 -8.20998483597e-09 -4.03588239642e-11 1.65030360222e-06 -2.48290598392e-06 -3.35276126862e-08 -5.58793544769e-09 -49 348.8125 109
482400 4 482400 482400 0.000502593349665 6.02540239925e-12 0 2 0.00322530849371 5153.67640495 4.4859011415e-09 -2.80966983055 -2.97363366254 0.391107437069 0.966788849013 -7.74175104643e-09 5.66809324169e-10 8.75256955624e-06 -2.64495611191e-07 -4.65661287308e-08 -2.23517417908e-08 -6.34375 218.21875 193
482384 9 482384 482384 0.000504584982991 1.56887836056e-11 0 2 0.00321347545832 5153.79125214 4.61947813409e-09 -1.9214139643 2.02942503162 0.329974442909 0.960606171 -7.86032741419e-09 5.80381318069e-10 8.75629484653e-06 -2.34693288803e-07 2.79396772385e-08 -3.35276126862e-08 -7.53125 214.4375 36
482400 20 482400 482400 0.000367553438991 -3.41060513165e-13 0 2 0.00384134892374 5153.67112732 4.32232289924e-09 2.14290852584 -2.38334211261 -0.871514038652 0.956708184816 -7.97997525514e-09 1.21433629627e-11 7.46175646782e-06 -6.01634383202e-06 -7.82310962677e-08 -6.51925802231e-08 -116.15625 231.84375 23
482400 12 482400 482400 -0.000560911372304 -2.27373675443e-12 0 2 0.00895886658691 5153.7742424 4.37053919336e-09 0.298139613409 1.46282975266 2.51913412007 0.961128148948 -7.91497254752e-09 -4.68948104999e-10 9.74349677563e-06 3.1441450119e-06 -1.49011611938e-08 -1.37835741043e-07 60.90625 193.53125 171
489600 11 489600 489600 -0.000752668827772 2.27373675443e-13 0 2 0.00175597902853 5153.59160042 4.35982446133e-09 -2.34159541772 -2.3514734663 -1.69267899547 0.965760934014 -8.20177020808e-09 -6.00024993449e-11 1.46217644215e-06 -2.27242708206e-06 -4.842877388e-08 -2.60770320892e-08 -46.1875 354.75 110
489600 4 489600 489600 0.000502636656165 6.02540239925e-12 0 2 0.00322591513395 5153.67482567 4.43375611231e-09 -1.759669262 -2.97345466281 0.391051354641 0.966792984683 -7.76925219197e-09 6.10739725475e-10 8.475035429e-06 -8.75443220139e-07 -3.72529029846e-08 4.09781932831e-08 -12.0625 219.84375 194
489600 12 489600 489600 -0.000560927670449 -2.27373675443e-12 0 2 0.00896025344264 5153.77774048 4.31589406003e-09 1.348120159 1.46296627364 2.51907696971 0.961125089986 -7.83175479545e-09 -4.34660962517e-10 9.9316239357e-06 2.3040920496e-06 -1.62050127983e-07 -1.35973095894e-07 48.3125 189.03125 172
489600 20 489600 489600 0.000367551110685 -3.41060513165e-13 0 2 0.00384037476033 5153.67357826 4.2508913524e-09 -3.09034676494 -2.38309268362 -0.871571162677 0.956708509584 -7.92068707127e-09 6.07168148133e-12 6.8973749876e-06 -6.00144267082e-06 -5.40167093277e-08 1.86264514923e-09 -116.28125 243 24
489600 17 489600 489600 0.000500964466482 -1.65982783074e-11 0 2 0.0134082757868 5153.60404587 4.39268297288e-09 -1.47470859626 -1.24845519 -2.72654663072 0.966032902188 -8.21462788651e-09 7.6431755118e-11 5.28804957867e-06 6.1858445406e-06 2.14204192162e-07 -2.73808836937e-07 116.6875 285.53125 36
489600 3 489600 489600 0.000633921474218 8.07176547823e-12 0 2 0.00565508578438 5153.6116333 3.54514766963e-09 1.52957857626 1.14601205326 -0.684891097789 0.987704763719 -7.61746015493e-09 1.11790370803e-10 8.54022800922e-06 -6.26780092716e-06 -3.91155481339e-08 -1.11758708954e-07 -121.1875 228.0625 94
489600 19 489600 489600 0.000578992534429 4.66116034659e-12 0 2 0.010001962306 5153.60163307 4.47625788268e-09 0.397302975595 2.69648712399 -2.6823591243 0.965228045622 -8.26498712703e-09 2.78583032673e-11 4.80376183987e-06 5.14090061188e-06 -7.45058059692e-08 1.28522515297e-07 103.25 289.875 79
489600 14 489600 489600 0.000568530056626 7.50333128963e-12 0 2 0.00512175902259 5153.70779228 4.79448542385e-09 1.20655441326 -2.86209726108 2.47128195852 0.944405593827 -8.06676458455e-09 -5.51808699333e-10 1.01607292891e-05 2.60025262833e-06 6.70552253723e-08 5.58793544769e-09 47.25 173.84375 18
489600 6 489600 489600 -7.55935907364e-05 -2.78532752418e-11 0 2 0.00341722473968 5153.75559235 3.94445001646e-09 2.90580440079 -0.736774115062 -1.72098929544 0.989084197453 -7.96818904991e-09 -1.0893310893e-10 1.3206154108e-06 -1.79745256901e-06 -2.421438694e-08 4.09781932831e-08 -35.28125 371.34375 29
489600 9 489600 489600 0.000504698138684 1.56887836056e-11 0 2 0.003213301301 5153.78901482 4.58233372974e-09 -0.869333667511 2.02978877157 0.329917519303 0.960610325687 -7.88568561332e-09 5.99667835715e-10 8.97422432899e-06 -9.81613993645e-07 -5.58793544769e-09 -7.45058059692e-09 -15.375 211.46875 55
489600 5 489600 489600 -0.000197266228497 -1.13686837722e-12 0 2 0.00560108502395 5153.72971725 3.87480425829e-09 -1.1084580494 1.3292070757 -0.739010530595 0.974533070654 -7.80103923031e-09 7.35744932444e-11 8.02427530289e-06 -5.35696744919e-06 1.00582838058e-07 -1.86264514923e-08 -106.625 230.90625 64
489584 13 489584 489584 0.000691472552717 1.36424205266e-12 0 2 0.00880972901359 5153.68107796 4.38053960991e-09 -1.73178931156 0.971759468677 0.498957061142 0.972958005275 -7.71032116583e-09 5.86810157284e-10 7.86781311035e-06 5.58793544769e-09 -2.04890966415e-08 1.47148966789e-07 0.5625 231 80
489600 25 489600 489600 0.000497587490827 -4.54747350886e-13 0 2 0.0122705874965 5153.69476509 4.71341061819e-09 1.16561363262 1.10486659721 2.43011667701 0.949129916602 -8.10462330438e-09 -5.1323566404e-10 1.00173056126e-05 2.22399830818e-06 5.21540641785e-08 -2.25380063057e-07 42.34375 183.125 29
496800 11 496800 496800 -0.000752666965127 2.27373675443e-13 0 2 0.00175657053478 5153.58971977 4.50375902821e-09 -1.29186437134 -2.35097346138 -1.69273758826 0.965759769531 -8.30677458193e-09 -1.84293390845e-10 1.18277966976e-06 -2.25752592087e-06 1.86264514923e-09 1.52736902237e-07 -42.40625 362.84375 111
496800 5 496800 496800 -0.000197274144739 -1.13686837722e-12 0 2 0.00559993099887 5153.72759438 3.87980446657e-09 -0.0583661128286 1.32925721722 -0.739066643744 0.974533562195 -7.7967533375e-09 4.32160858377e-11 7.85104930401e-06 -5.88409602642e-06 7.07805156708e-08 -1.04308128357e-07 -115.09375 236.21875 66
496800 12 496800 496800 -0.000560943968594 -2.27373675443e-12 0 2 0.00896057649516 5153.7751503 4.32768026525e-09 2.39838742045 1.46281568085 2.51902160412 0.961122803445 -7.6296035179e-09 -4.53590322429e-10 1.00992619991e-05 2.29105353355e-06 -9.31322574615e-08 6.89178705215e-08 45.75 179.1875 180
496800 20 496800 496800 0.000367548782378 -3.41060513165e-13 0 2 0.00384159793612 5153.67107964 4.31267964042e-09 -2.04031266776 -2.38294651616 -0.87162820039 0.956708562249 -7.92747306822e-09 0 6.60121440887e-06 -6.33299350739e-06 -7.45058059692e-08 2.23517417908e-08 -123.25 250.1875 25
496800 17 496800 496800 0.000500844791532 -1.65982783074e-11 0 2 0.0134078218834 5153.60260201 4.46125725784e-09 -0.424529939376 -1.24841008824 -2.72660724088 0.966033444931 -8.36606276581e-09 1.61078138122e-10 5.13531267643e-06 5.78723847866e-06 -4.09781932831e-08 -1.97440385818e-07 111.84375 287.375 42
496800 19 496800 496800 0.000579026062042 4.66116034659e-12 0 2 0.0100031413604 5153.60632706 4.40446917811e-09 1.44730657971 2.69670674896 -2.68241769954 0.965228567884 -8.13033866124e-09 -3.92873507616e-11 4.30829823017e-06 6.26221299171e-06 8.38190317154e-08 1.11758708954e-07 120.8125 295.09375 83
496800 25 496800 496800 0.000497583765537 -4.54747350886e-13 0 2 0.0122710460564 5153.69419289 4.61269213714e-09 2.21580291907 1.1048464382 2.43005879226 0.94912803529 -7.76568061463e-09 -4.21088968617e-10 1.00173056126e-05 1.83284282684e-06 -2.44006514549e-07 -5.58793544769e-09 38.8125 177.5625 67
496784 13 496784 496784 0.000691482331604 1.36424205266e-12 0 2 0.00880977278575 5153.68207359 4.37589655937e-09 -0.681552508072 0.97169737073 0.498901223021 0.97296132171 -7.8813997205e-09 5.47522806523e-10 8.04290175438e-06 -3.72529029846e-09 1.17346644402e-07 2.60770320892e-08 -3.15625 233.25 81
496800 6 496800 496800 -7.57947564125e-05 -2.78532752418e-11 0 2 0.00341668876354 5153.75667 3.99659504565e-09 -2.32718713755 -0.736841416608 -1.72104672814 0.989082705276 -8.09140846821e-09 -1.57149403046e-10 1.16787850857e-06 -1.95577740669e-06 1.08033418655e-07 3.72529029846e-09 -38 374.8125 30
496800 9 496800 496800 0.000504810828716 1.56887836056e-11 0 2 0.00321280024946 5153.78800774 4.4984016622e-09 0.180725606484 2.02984028677 0.329860799043 0.960614598871 -7.88997150613e-09 5.86810157284e-10 8.38190317154e-06 -8.7171792984e-07 -1.67638063431e-08 5.58793544769e-09 -14.34375 215 57
496800 30 496800 496800 -0.000252159312367 8.29913915368e-12 0 2 0.00721979187801 5153.74833488 5.48987153233e-09 2.95353508017 -2.45591880246 1.39995538128 0.93507216624 -8.20534178542e-09 -9.4646799562e-11 5.98281621933e-06 -3.24100255966e-07 -1.08033418655e-07 9.31322574615e-09 -5.9375 254.03125 41
496784 15 496784 496784 0.000244640745223 4.54747350886e-12 0 2 0.0161155911628 5153.74179459 4.89591822036e-09 -1.40547219604 1.38600523732 0.196561412349 0.937883542226 -8.10212320024e-09 5.49665752928e-10 8.94069671631e-06 -4.06056642532e-07 3.55765223503e-07 9.87201929092e-08 -15.21875 192.46875 13
496800 7 496800 496800 -1.44001096487e-05 9.09494701773e-13 0 2 0.0188788824016 5153.75490379 5.06021077809e-09 3.12816581152 -2.08686283808 1.40255194384 0.949901079238 -7.81889711702e-09 -1.30719730716e-10 5.95487654209e-06 -5.12227416039e-07 -2.77534127235e-07 1.54599547386e-07 -6.375 258.5625 59
496800 29 496800 496800 -0.000552323646843 3.29691829393e-12 0 2 0.00287814135663 5153.73351669 4.22910473062e-09 -0.457599332758 2.6446084472 -2.71104231478 0.968534805168 -8.04676375144e-09 6.78599694973e-11 4.9564987421e-06 5.50225377083e-06 -2.421438694e-08 -1.11758708954e-08 106.90625 287.78125 63
504000 11 504000 504000 -0.000752665102482 2.27373675443e-13 0 2 0.00175664154813 5153.59043121 4.5934056195e-09 -0.241364422528 -2.35124154989 -1.69279785756 0.965757826776 -8.43035115796e-09 -1.96793911542e-10 9.10833477974e-07 -2.44751572609e-06 5.77419996262e-08 2.60770320892e-08 -46.59375 365.78125 112
504000 5 504000 504000 -0.000197282526642 -1.13686837722e-12 0 2 0.00560043752193 5153.72915649 3.92302055241e-09 0.991630327372 1.32940417173 -0.739122296073 0.974533364701 -7.81353975101e-09 -6.53598653579e-11 8.16956162453e-06 -6.45034015179e-06 -6.33299350739e-08 -5.21540641785e-08 -124.4375 234.28125 72
504000 30 504000 504000 -0.000252099707723 8.29913915368e-12 0 2 0.00721980142407 5153.74829865 5.42594029791e-09 -2.27951073829 -2.45591602146 1.399895861 0.935071564981 -8.23820029697e-09 -3.00012496725e-11 5.77419996262e-06 -5.99771738052e-07 -6.70552253723e-08 1.04308128357e-07 -5.8125 254.21875 43
504000 20 504000 504000 0.000367546919733 -3.41060513165e-13 0 2 0.00384141097311 5153.67179298 4.37125350883e-09 -0.99002926155 -2.38304954216 -0.871685055239 0.95670779568 -8.05390690612e-09 -9.07180644858e-11 6.7837536335e-06 -6.47455453873e-06 6.89178705215e-08 1.17346644402e-07 -126.25 247.25 43
504000 29 504000 504000 -0.000552299898118 3.29691829393e-12 0 2 0.00287664751522 5153.73066902 4.3198227951e-09 0.592624185976 2.64452815786 -2.71110025804 0.968535236729 -8.056764168e-09 6.39312344211e-11 5.24707138538e-06 5.76116144657e-06 -1.30385160446e-08 -1.30385160446e-08 113.84375 279.28125 64
504000 13 504000 504000 0.000691492110491 1.36424205266e-12 0 2 0.00880931748543 5153.68117332 4.3176798487e-09 0.370940099007 0.971713287279 0.498844649053 0.972965237942 -7.85246994404e-09 4.93949146393e-10 8.07270407677e-06 -4.04193997383e-07 1.00582838058e-07 -8.19563865662e-08 -6.59375 232.4375 82
504000 15 504000 504000 0.000244673341513 4.54747350886e-12 0 2 0.0161147746257 5153.73978233 4.96199240119e-09 -0.353038186143 1.38604785798 0.196501241065 0.937886726998 -8.3503478255e-09 5.97882047044e-10 9.34861600399e-06 -1.11199915409e-06 1.54599547386e-07 -1.49011611938e-07 -22.9375 190.9375 22
504000 6 504000 504000 -7.59954564273e-05 -2.78532752418e-11 0 2 0.00341704534367 5153.75400352 4.07195532757e-09 -1.27746135036 -0.736439532531 -1.7211053853 0.989081435463 -8.14319633967e-09 -1.43577409147e-10 1.35973095894e-06 -2.4177134037e-06 4.65661287308e-08 -4.09781932831e-08 -47.34375 370.65625 31
504000 12 504000 504000 -0.0005609607324 -2.27373675443e-12 0 2 0.00895950035192 5153.77725983 4.36911056242e-09 -2.83472476768 1.46285970591 2.51896600006 0.96111976789 -7.65853329437e-09 -3.44657213499e-10 1.05518847704e-05 2.7734786272e-06 2.98023223877e-08 1.52736902237e-07 52.5625 173.96875 181
504000 24 504000 504000 -0.000469760969281 3.52429196937e-12 0 2 0.0164218313294 5153.67931366 5.56844623385e-09 -1.22493017846 1.04215843381 1.30164184722 0.933712549196 -8.43642283945e-09 1.78578867098e-11 5.16325235367e-06 3.18512320518e-07 2.73808836937e-07 2.84984707832e-07 -0.09375 263.3125 108
504000 18 504000 504000 -0.000659570097923 7.95807864051e-13 0 2 0.00479691952933 5153.71620369 4.2633918731e-09 -1.37733612522 -2.9346680861 -1.72007181612 0.973976962827 -8.14962517889e-09 -1.17862052285e-10 1.13248825073e-06 -1.92411243916e-06 -1.26659870148e-07 1.30385160446e-08 -35.65625 365.375 83
504000 23 504000 504000 0.000392141751945 7.61701812735e-12 0 2 0.00498409126885 5153.63391876 3.61515058553e-09 -2.4954673781 -2.8688992406 -0.717548232078 0.982422498618 -7.54245703075e-09 5.35736601294e-11 8.33906233311e-06 -5.91762363911e-06 -2.98023223877e-08 -3.35276126862e-08 -114.53125 230.75 87
503984 24 503984 503984 -0.000469761434942 3.52429196937e-12 0 2 0.0164218321443 5153.67931175 5.56844623385e-09 -1.22726370542 1.04215820998 1.30164200229 0.933712540418 -8.43642283945e-09 1.78578867098e-11 5.16325235367e-06 3.18512320518e-07 2.73808836937e-07 2.84984707832e-07 -0.09375 263.3125 14
511200 11 511200 511200 -0.000752663705498 2.27373675443e-13 0 2 0.00175648985896 5153.59029198 4.60126308965e-09 0.808720775838 -2.35109401314 -1.69285834923 0.96575636532 -8.41392190219e-09 -2.22509268404e-10 1.08405947685e-06 -2.52202153206e-06 5.21540641785e-08 -1.30385160446e-08 -49.40625 362.40625 113
511200 5 511200 511200 -0.000197290442884 -1.13686837722e-12 0 2 0.00560092728119 5153.72836876 3.9344495999e-09 2.04185260555 1.3293243081 -0.739178394593 0.97453335446 -7.71603568957e-09 -5.6430922003e-11 8.30926001072e-06 -6.77444040775e-06 -1.00582838058e-07 6.33299350739e-08 -129.15625 227.53125 73
511184 24 511184 511184 -0.000469736289233 3.52429196937e-12 0 2 0.0164216423873 5153.67868423 5.60309053407e-09 -0.177095021244 1.04217525737 1.30157990727 0.933711706555 -8.67178978628e-09 2.10723063176e-11 5.67547976971e-06 5.40167093277e-08 2.47731804848e-07 -3.16649675369e-08 -0.40625 260.8125 15
511200 18 511200 511200 -0.000659563578665 7.95807864051e-13 0 2 0.00479732989334 5153.7167778 4.38411118726e-09 -0.327172423748 -2.93467855182 -1.72013033285 0.973975033238 -8.32534678411e-09 -2.27509476683e-10 8.41915607452e-07 -2.09361314774e-06 7.45058059692e-08 9.31322574615e-08 -36.6875 370.03125 84
511200 20 511200 511200 0.000367544591427 -3.41060513165e-13 0 2 0.00384047802072 5153.66955566 4.40661212451e-09 0.0599516263687 -2.38284824902 -0.871743175511 0.956706985223 -8.07747931658e-09 -1.08218793461e-10 7.30901956558e-06 -6.55464828014e-06 1.19209289551e-07 3.72529029846e-08 -127.53125 238 44
511200 29 511200 511200 -0.000552276615053 3.29691829393e-12 0 2 0.00287737988401 5153.73397255 4.34446667876e-09 1.64221421583 2.64508202157 -2.71115870454 0.968535615625 -8.11176645906e-09 1.05718689322e-10 5.02727925777e-06 6.55651092529e-06 -7.264316082e-08 3.72529029846e-08 125.96875 282.78125 65
511200 23 511200 511200 0.000392196699977 7.61701812735e-12 0 2 0.00498486962169 5153.63174629 3.67979613542e-09 -1.44545279917 -2.86871403517 -0.717602117203 0.982422677094 -7.54995734317e-09 -3.4644300217e-11 8.1155449152e-06 -6.29387795925e-06 -1.50874257088e-07 -3.72529029846e-09 -121.8125 237.3125 88
511200 13 511200 511200 0.000691501889378 1.36424205266e-12 0 2 0.0088092754595 5153.68087578 4.28767859902e-09 1.42113368058 0.971694501948 0.498788132139 0.972968705058 -7.8238973253e-09 4.89306095849e-10 7.97025859356e-06 -3.16649675369e-07 2.23517417908e-08 -1.4528632164e-07 -5.125 232.75 112
511200 15 511200 511200 0.000244705937803 4.54747350886e-12 0 2 0.016114565311 5153.73945045 4.98556481164e-09 0.697092310018 1.38606102278 0.196442035308 0.937890387219 -8.33641867387e-09 4.29303596504e-10 9.40263271332e-06 -1.35414302349e-06 -5.77419996262e-08 -1.9371509552e-07 -26.6875 191.96875 31
511200 12 511200 511200 -0.000560977030545 -2.27373675443e-12 0 2 0.00896093074698 5153.7737484 4.42018411841e-09 -1.78474538217 1.46299835982 2.51891090218 0.961117285318 -7.69317759458e-09 -3.37871216549e-10 1.0397285223e-05 3.55206429958e-06 1.34110450745e-07 1.08033418655e-07 65.65625 179 182
511200 32 511200 511200 -0.000551934354007 6.48014975013e-12 0 2 0.00822532840539 5153.76901817 4.21338979031e-09 2.38247906409 -2.11656575706 0.345206664866 0.963910442122 -7.61388857759e-09 5.98596362513e-10 9.02824103832e-06 -6.74277544022e-07 -1.88127160072e-07 4.28408384323e-08 -13.625 205.3125 61
511184 25 511184 511184 0.000497576314956 -4.54747350886e-13 0 2 0.0122720104409 5153.69124413 4.67055169008e-09 -1.96943342809 1.10490349786 2.42994715552 0.949122692713 -7.74603693924e-09 -3.19656172105e-10 9.86456871033e-06 2.3078173399e-06 -4.09781932831e-08 1.67638063431e-07 45.9375 180 30
511200 10 511200 511200 -0.000252100173384 -1.58024704433e-11 0 2 0.010109822033 5153.68824196 3.53693304174e-09 -2.61849534485 -2.33691011828 -0.687579451141 0.987329194613 -7.3842361545e-09 3.14298806093e-11 8.2403421402e-06 -6.46710395813e-06 -8.94069671631e-08 5.58793544769e-08 -124.1875 234.03125 43
518384 25 518384 518384 0.000497572589666 -4.54747350886e-13 0 2 0.012272506021 5153.69214058 4.72126808834e-09 -0.919227486314 1.10486888961 2.42989103798 0.949118769166 -8.05212111745e-09 -4.05016870578e-10 9.87015664577e-06 2.72877514362e-06 2.25380063057e-07 1.86264514923e-09 48.6875 187.03125 31
518400 32 518400 518400 -0.00055188825354 6.48014975013e-12 0 2 0.00822633435018 5153.76706123 4.21124684391e-09 -2.85055104409 -2.11660011515 0.345152509102 0.963914860134 -7.54102839982e-09 5.69666586043e-10 9.07108187675e-06 -1.01886689663e-06 -7.45058059692e-08 6.51925802231e-08 -21.0625 204.8125 63
518400 5 518400 518400 -0.000197298359126 -1.13686837722e-12 0 2 0.00560021202546 5153.72949219 3.91480592452e-09 3.09199436033 1.32932576225 -0.739233354962 0.97453303847 -7.64889003554e-09 -9.14323799542e-11 8.50670039654e-06 -6.39446079731e-06 -9.31322574615e-09 5.40167093277e-08 -124.40625 222.09375 74
518400 24 518400 518400 -0.000469711143523 3.52429196937e-12 0 2 0.016422243556 5153.67994881 5.50987236544e-09 0.875409024391 1.04218919897 1.30151865928 0.93371118283 -8.610358656e-09 -1.80721813503e-10 5.77419996262e-06 -9.31322574615e-09 5.21540641785e-08 -2.06753611565e-07 0.78125 256.5625 16
518400 18 518400 518400 -0.000659557525069 7.95807864051e-13 0 2 0.00479740963783 5153.7168541 4.48340103736e-09 0.72302218041 -2.93471940673 -1.72019068261 0.973973157777 -8.38927801853e-09 -2.18937691062e-10 5.55068254471e-07 -1.98930501938e-06 3.72529029846e-08 2.04890966415e-08 -38.65625 372.46875 85
518400 23 518400 518400 0.000392251648009 7.61701812735e-12 0 2 0.00498517474625 5153.63334846 3.79801534544e-09 -0.395085409762 -2.86888177628 -0.717656305151 0.982421280007 -7.73032199894e-09 -1.55363614375e-10 8.16769897938e-06 -6.81355595589e-06 5.58793544769e-08 1.04308128357e-07 -128.71875 235.25 89
518400 12 518400 518400 -0.000560993328691 -2.27373675443e-12 0 2 0.0089609704446 5153.77571678 4.39768318116e-09 -0.734506135609 1.46287721997 2.51885453009 0.961114014234 -7.89461455667e-09 -3.18941856637e-10 1.03656202555e-05 3.36579978466e-06 7.264316082e-08 -9.31322574615e-08 64.53125 187.6875 183
518400 10 518400 518400 -0.000252213794738 -1.58024704433e-11 0 2 0.0101098672021 5153.68857002 3.57122018423e-09 -1.56830724483 -2.33693343866 -0.68763217032 0.98732903808 -7.44959601986e-09 -6.96457581682e-11 8.24220478535e-06 -6.62170350552e-06 -1.00582838058e-07 2.21654772758e-07 -126.90625 234.0625 47
518400 15 518400 518400 0.000244738534093 4.54747350886e-12 0 2 0.0161146790488 5153.73896217 4.89413243169e-09 1.74725562821 1.38604194486 0.196382064444 0.93789511537 -8.00890503161e-09 5.29307762079e-10 9.34116542339e-06 -1.64099037647e-06 -3.81842255592e-07 9.31322574615e-09 -26.59375 188.40625 32
518400 28 518400 518400 -0.000520094297826 -1.02318153949e-11 0 2 0.000459095230326 5153.77677917 4.74269755239e-09 -1.22792297238 1.41501761801 1.37174770063 0.960963424372 -8.00783355841e-09 -1.8215044444e-11 5.72763383389e-06 -4.842877388e-08 -3.53902578354e-08 1.86264514923e-08 -3.1875 267.25 127
518400 31 518400 518400 -0.000219120178372 7.95807864051e-13 0 2 0.0107178086182 5153.59553909 4.96020661252e-09 -1.05864353684 0.789957590436 1.42479988203 0.953804435795 -8.16319717279e-09 -4.71448209139e-11 5.36255538464e-06 1.99303030968e-07 9.685754776e-08 1.9371509552e-07 -1.5 266.59375 32
