      5593     155087.370126    2552819.976375          5.898547        400.0
    409501     155775.260515    2552837.502678          2.000676        400.0
    409504     155420.470872    2552747.991466          1.425243        400.0
    409505     155998.290658    2552499.910134          2.655355        400.0
    409506     155554.434161    2552415.163940          1.832932        400.0
    409508     155807.048706    2553147.137212          1.985716        400.0
    940017     155847.079646    2552321.190088          2.769729        400.0
   1450009     155321.741574    2552350.843867          1.496984        400.0
   1450010     155422.696038    2552242.078248          1.584519        400.0
   1450011     155867.338304    2552704.063050          2.159184        400.0
   1450012     155911.851938    2552448.318333          2.426303        400.0
       -99          0.                0.                0.                0.
      4095
  154947.0   2552766.0   1350.0   153.797      0.      0.    -1.
    409501   77.4240  -33.6039   10000.0
    409504   35.1143  -27.2450   10000.0
    409505   86.6808  -80.4262   10000.0
    409506   34.7177  -69.4559   10000.0
    409508   94.4837   -1.6382   10000.0
    940017   62.3097  -93.1028   10000.0
   1450009    6.6139  -65.8792   10000.0
   1450010   12.6421  -82.3538   10000.0
   1450011   81.4962  -52.2271   10000.0
   1450012   74.9881  -82.1265   10000.0
      5593    2.4516   -4.4997   10000.0
       -99    0.        0.          0.