    409401     154716.289414    2553509.871527          2.031563        400.0
    409402     154885.585338    2553251.446129          1.771769        400.0
    409404     155211.985047    2552183.508498          2.150201        400.0
    409406     155169.492853    2552457.896485          2.840942        400.0
    940018     154848.039083    2553662.737402          1.891198        400.0
    940019     154932.101803    2552954.210719          2.804006        400.0
   1340013     154721.783749    2553643.169972          1.701195        400.0
   1340014     154849.396294    2553278.980694          1.999492        400.0
   1450009     155321.741574    2552350.843867          1.496984        400.0
   1450010     155422.696038    2552242.078248          1.584519        400.0
      5593     155087.370126    2552819.976375          5.898547        400.0
       -99          0.                0.                0.                0.
      4095
  154947.0   2552766.0   1350.0   153.797      0.      0.    -1.
    409401   -6.4181   85.7325   10000.0
    409402    0.1227   50.7542   10000.0
    409404  -12.8531  -79.1911   10000.0
    409406   -5.0158  -47.3929   10000.0
    940018   14.4395   96.0389   10000.0
    940019   -8.2204   16.9189   10000.0
   1340013    0.0973   99.5544   10000.0
   1340014   -2.5249   55.3131   10000.0
   1450009    6.6139  -65.8792   10000.0
   1450010   12.6421  -82.3538   10000.0
      5593    2.4516   -4.4997   10000.0
       -99    0.        0.          0.