R1.JPG        0.8605        6.2495       -0.3144    0.00117568    0.00001807   -0.00001724
R10.JPG      565.5072      130.1498     -716.9432    0.25785031    0.21701983    1.60987025
R11.JPG      265.6621       60.2882     -605.7202    0.13849624    0.19799189    1.08010485
R12.JPG       46.1822       12.1661     -329.8251    0.03958993    0.11380896    0.51478577
R13.JPG       -0.0322        6.0841       -7.4797    0.00168609    0.00229402    0.01042979
R14.JPG       37.9925       10.5227     -308.8817    0.03521092    0.10705779    0.47957859
R15.JPG      210.5986       47.8251     -561.5939    0.11505344    0.18550975    0.96677675
R16.JPG      595.3264      137.1919     -718.6767    0.26914089    0.21558919    1.65881696
R17.JPG      910.6678      213.5665     -644.5409    0.38110081    0.16643963    2.19449541
R18.JPG     1147.8678      273.4702     -413.2799    0.45174832    0.06700215    2.72347801
R19.JPG     1236.8150      299.2113     -117.0329    0.46501296   -0.04463788   -3.08205964
R2.JPG      101.0387       34.3591      276.2008    0.01885357   -0.10574644   -0.45622715
R20.JPG     1176.7459      289.9039      194.9716    0.42355113   -0.15156082   -2.58714528
R21.JPG     1055.4324      263.5734      370.2103    0.36760271   -0.20630705   -2.24936540
R22.JPG      777.6223      199.7865      535.4761    0.25268956   -0.24693205   -1.71473519
R23.JPG      355.0994       98.3843      498.8876    0.09710898   -0.20373552   -1.00085615
R24.JPG       82.9751       29.7603      246.8210    0.01486781   -0.09402501   -0.40334889
R25.JPG       -3.7079        4.2104      -70.2922    0.00465780    0.02507733    0.10597599
R26.JPG        0.9189        1.3381      -70.5664   -0.00333002    0.02616121    0.10498722
R3.JPG      349.0630       96.8641      496.2609    0.09462874   -0.20243208   -0.98893136
R4.JPG      674.4461      175.4081      554.9612    0.21221202   -0.24721727   -1.54000148
R5.JPG      975.0277      245.4128      440.1015    0.33316573   -0.22642356   -2.07617168
R6.JPG     1196.1873      293.7724      148.8631    0.43398534   -0.13708894   -2.66576331
R7.JPG     1233.6289      297.8215     -156.1497    0.46679504   -0.03058153    3.14128820
R8.JPG     1123.0934      266.9089     -451.9620    0.44570038    0.08254077    2.65171642
R9.JPG      870.7071      203.7457     -664.7220    0.36811746    0.17683247    2.12223916
L1.JPG     -325.5901      571.2177     -573.2484   -0.26642991    0.08394263    0.04842876
L10.JPG      973.8748      876.9450     -890.3665    0.36284537    0.47945400    1.70381661
L11.JPG      523.1964      767.6384    -1040.4633    0.08172603    0.47150701    1.12114349
L12.JPG       20.1030      648.6252     -920.2202   -0.15876838    0.31490389    0.53054465
L13.JPG     -319.8920      573.0498     -582.4678   -0.26496061    0.09089189    0.05563103
L14.JPG       -7.8241      643.1774     -902.8190   -0.16910361    0.29926905    0.49812261
L15.JPG      419.2235      741.1135    -1041.0264    0.02586379    0.45080268    0.99814573
L16.JPG     1011.1363      885.9465     -864.8498    0.38865785    0.46940349    1.75864728
L17.JPG     1313.9239      965.5603     -479.8308    0.61516151    0.32533050    2.31151016
L18.JPG     1389.4395      989.6462       14.8516    0.72917427    0.09421144    2.80460996
L19.JPG     1231.8794      958.0126      448.6753    0.72663328   -0.14266353   -3.04751683
L2.JPG     -454.8347      544.5162     -151.9033   -0.26362689   -0.13947458   -0.36232323
L20.JPG      881.7924      881.2737      759.7967    0.61372060   -0.35854643   -2.57636068
L21.JPG      585.1387      809.3958      854.7125    0.47714932   -0.46475515   -2.22614733
L22.JPG      111.6107      697.8897      788.4827    0.20035839   -0.52050750   -1.63561419
L24.JPG     -449.0938      547.8049     -203.6977   -0.26267667   -0.11750041   -0.31366920
L26.JPG     -271.8520      586.1839     -660.5374   -0.23266181    0.13040076    0.14384350
L3.JPG     -357.2719      576.7497      340.4121   -0.14430089   -0.36724284   -0.86298439
L6.JPG      946.8481      894.7783      724.3621    0.64246437   -0.33382324   -2.65762144
L7.JPG     1261.8680      965.0810      399.3826    0.73542589   -0.11668150   -3.10408312
L8.JPG     1394.3339      989.7700      -54.0016    0.72447377    0.12906773    2.73854194
L9.JPG     1285.9313      957.0910     -541.9955    0.59276741    0.35504252    2.24011586