L1.JPG      781.6595      633.0405     1399.6254    0.76161420   -0.55773610   -2.20987734
L10.JPG      -74.4055       38.3751      507.5953    0.03387447   -0.27495141   -0.42998102
L11.JPG       32.3666      153.5079      969.0822    0.17605095   -0.48755748   -0.93656897
L12.JPG      362.1700      382.3790     1316.0115    0.46288866   -0.60504172   -1.58438322
L13.JPG      771.9347      628.0644     1400.0936    0.75423597   -0.56088851   -2.19892418
L14.JPG      387.7340      399.6238     1328.7127    0.48534890   -0.60529986   -1.62644760
L15.JPG       82.6852      190.7700     1056.0867    0.22342131   -0.52217669   -1.05765059
L16.JPG      -73.5200       33.3261      461.8807    0.02984057   -0.25025768   -0.38588044
L17.JPG       61.1737       57.5194      -15.1446    0.02558640    0.00331001    0.07924626
L18.JPG      387.2432      202.3848     -366.9135    0.13870725    0.23411863    0.56192831
L19.JPG      779.9228      413.3955     -489.9645    0.33891137    0.37437602    1.05316116
L2.JPG     1152.7598      827.9919     1260.9242    0.94734675   -0.40611956   -2.70705560
L20.JPG     1174.1383      654.6077     -382.4113    0.59881543    0.40011364    1.59474601
L21.JPG     1386.5783      797.3251     -191.5855    0.76554182    0.34773232    1.95089196
L22.JPG     1565.1297      951.3935      239.4245    0.95104880    0.17227718    2.45802076
L24.JPG     1110.7679      809.4061     1285.4899    0.92927077   -0.42050545   -2.65105718
L26.JPG      690.1953      584.9764     1405.0958    0.69425065   -0.56023661   -2.08235293
L3.JPG     1464.5985      966.1124      891.3543    1.03306461   -0.16437977    3.08129273
L6.JPG     1117.8757      616.9874     -415.2363    0.56064340    0.41059423    1.50819194
L7.JPG      729.1429      385.3763     -486.1803    0.31075562    0.36648384    0.98755121
L8.JPG      334.4944      176.3886     -330.6220    0.11369125    0.20871338    0.49085225
L9.JPG       29.8544       45.2999       44.7619    0.01511526   -0.03160744    0.01547866
R1.JPG     1421.3454      218.2129      984.1401    0.65139397   -0.29603429   -2.22363220
R10.JPG      626.6768     -244.2191      935.3187    0.31579525   -0.21384318   -0.55644065
R11.JPG      851.9649      -93.5665     1118.8463    0.39968627   -0.30007616   -1.08291242
R12.JPG     1158.8810       85.3520     1139.3831    0.53109328   -0.33271650   -1.67377877
R13.JPG     1416.4599      216.1523      989.0335    0.64919029   -0.29701355   -2.21254026
R14.JPG     1178.1295       95.7775     1133.9249    0.53960038   -0.33234883   -1.71128011
R15.JPG      910.6735      -57.5021     1138.7226    0.42409010   -0.31220929   -1.19912249
R16.JPG      611.1344     -255.9704      911.5953    0.31068164   -0.20389291   -0.50885740
R17.JPG      513.8319     -347.1304      606.6827    0.28821708   -0.08550240    0.00877379
R18.JPG      568.9157     -354.0463      274.6901    0.32838678    0.02943100    0.52836629
R19.JPG      742.5368     -282.7410       27.4621    0.41163538    0.10534922    1.01145415
R2.JPG     1575.1679      278.3706      739.1975    0.72645223   -0.21701352   -2.69795429
R20.JPG      999.0587     -150.2216     -105.4988    0.52365814    0.13331741    1.51562268
R21.JPG     1185.3423      -43.4563     -107.3804    0.60069624    0.11945349    1.85315239
R22.JPG     1439.4691      118.0729       26.2351    0.69907452    0.05168815    2.37034355
R24.JPG     1562.2908      274.8412      771.3332    0.71954894   -0.22740954   -2.64395118
R26.JPG     1372.2593      190.5087     1026.3406    0.63242143   -0.31544264   -2.11285729
R3.JPG     1616.7635      263.6329      404.6488    0.75635702   -0.09824967    3.05950236
R6.JPG      956.1019     -173.7811      -94.5587    0.50570281    0.13345295    1.43613462
R7.JPG      715.5065     -295.3724       53.0173    0.39907305    0.09862921    0.95040698
R8.JPG      552.5970     -358.5020      317.8970    0.31929408    0.01544646    0.45685767
R9.JPG      518.2845     -339.3630      651.6271    0.28708865   -0.10195132   -0.06115818