R1.JPG    1.57081440    0.00117568   -0.00001726
R10.JPG    1.79499376    0.25166933    1.55314666
R11.JPG    1.77065204    0.13577359    1.05269387
R12.JPG    1.68469377    0.03933368    0.51028749
R13.JPG    1.57309035    0.00168608    0.01042592
R14.JPG    1.67792001    0.03500925    0.47581465
R15.JPG    1.75751231    0.11307086    0.94546451
R16.JPG    1.79417600    0.26276106    1.59987818
R17.JPG    1.74983630    0.37556973    2.12820950
R18.JPG    1.64524300    0.45065988    2.69100343
R19.JPG    1.52086386    0.46451327   -3.05967564
R2.JPG    1.46503123    0.01874824   -0.45423693
R20.JPG    1.40480155    0.41838898   -2.51918194
R21.JPG    1.35017898    0.35944885   -2.17064039
R22.JPG    1.31610597    0.24486511   -1.65170475
R23.JPG    1.36612304    0.09509439   -0.98114874
R24.JPG    1.47676098    0.01480214   -0.40195290
R25.JPG    1.59587393    0.00465634    0.10585920
R26.JPG    1.59695768   -0.00332888    0.10507433
R3.JPG    1.36747932    0.09269086   -0.96985136
R4.JPG    1.31814193    0.20566611   -1.48732669
R5.JPG    1.33168128    0.32434592   -1.99863777
R6.JPG    1.41990242    0.42964158   -2.60251226
R7.JPG    1.53655379    0.46655942   -3.12648945
R8.JPG    1.66222629    0.44407444    2.61234661
R9.JPG    1.76003482    0.36210973    2.05449378
L1.JPG    1.65779383   -0.26546906    0.07130736
L10.JPG    2.07833067    0.32036781    1.53044208
L11.JPG    2.04365758    0.07279172    1.08395541
L12.JPG    1.88944673   -0.15089973    0.58009600
L13.JPG    1.66495573   -0.26384073    0.08025474
L14.JPG    1.87413679   -0.16151970    0.54841632
L15.JPG    2.02173020    0.02327945    0.98687514
L16.JPG    2.07217450    0.34474764    1.57549007
L17.JPG    1.96248723    0.57856045    2.08938269
L18.JPG    1.69683516    0.72521922    2.72076001
L19.JPG    1.38092981    0.71763888   -2.92180331
L2.JPG    1.42639856   -0.26100678   -0.39982913
L20.JPG    1.14098175    0.56959323   -2.33401103
L21.JPG    1.05694395    0.42304274   -1.99844765
L22.JPG    1.04152591    0.17353330   -1.53495809
L24.JPG    1.44916265   -0.26082308   -0.34518076
L26.JPG    1.70476540   -0.23065053    0.17464510
L3.JPG    1.20003885   -0.13461834   -0.91511006
L6.JPG    1.16202915    0.60175978   -2.41715339
L7.JPG    1.41402623    0.72929106   -2.99914338
L8.JPG    1.74240995    0.71713626    2.62512091
L9.JPG    1.99116539    0.55132442    2.01010606