L1.JPG    0.85941560    0.62551044   -1.74249994
L10.JPG    1.29569493    0.03260163   -0.42078084
L11.JPG    1.07676343    0.15535946   -0.85342385
L12.JPG    0.91280025    0.37606691   -1.30779985
L13.JPG    0.85940293    0.61850692   -1.73545433
L14.JPG    0.90694746    0.39372562   -1.33488859
L15.JPG    1.03767087    0.19324058   -0.94480470
L16.JPG    1.32043179    0.02891073   -0.37848826
L17.JPG    1.57410742    0.02558626    0.07916155
L18.JPG    1.80710214    0.13489975    0.52955356
L19.JPG    1.96553379    0.31459674    0.92495726
L2.JPG    0.93596039    0.84178357   -2.20471833
L20.JPG    2.04401043    0.54584952    1.33494340
L21.JPG    2.03661328    0.70950007    1.63440441
L22.JPG    1.86186313    0.93059427    2.22223784
L24.JPG    0.92904597    0.82035331   -2.15087274
L26.JPG    0.88625332    0.57281711   -1.66585106
L3.JPG    1.25759775    1.01087163   -2.93408126
L6.JPG    2.04560399    0.50926510    1.26264162
L7.JPG    1.95400017    0.28949926    0.87297210
L8.JPG    1.78082648    0.11121362    0.46719765
L9.JPG    1.53918528    0.01510771    0.01595637
R1.JPG    1.20457033    0.61863323   -2.00477836
R10.JPG    1.34619011    0.30836214   -0.48721389
R11.JPG    1.24674312    0.38088341   -0.95868995
R12.JPG    1.18962891    0.49917395   -1.48423444
R13.JPG    1.20395872    0.61636346   -1.99397621
R14.JPG    1.18829617    0.50713830   -1.51831608
R15.JPG    1.23044078    0.40236878   -1.06132171
R16.JPG    1.35695393    0.30403777   -0.44393563
R17.JPG    1.48163447    0.28713421    0.03408658
R18.JPG    1.60188775    0.32823923    0.51834024
R19.JPG    1.68566693    0.40921623    0.96557835
R2.JPG    1.28397890    0.70579920   -2.50892144
R20.JPG    1.72444133    0.51854180    1.43901931
R21.JPG    1.71527745    0.59582186    1.77168294
R22.JPG    1.63828144    0.69795225    2.32693556
R24.JPG    1.27230200    0.69720509   -2.44890376
R26.JPG    1.18634206    0.59672231   -1.88930608
R3.JPG    1.43609993    0.75181639   -3.13139231
R6.JPG    1.72306710    0.50078592    1.36258969
R7.JPG    1.67777505    0.39702450    0.90890618
R8.JPG    1.58706491    0.31925464    0.45175122
R9.JPG    1.46452633    0.28555592   -0.03111873