259200 15 259200 259200 0.000227070879191 4.54747350886e-12 0 2 0.0161599279381 5153.71676064 5.51915846653e-09 0.161993628051 1.37698390722 0.951090336547 0.93677889571 -8.98537427691e-09 1.22505102829e-10 4.32692468166e-06 1.11758708954e-07 3.72529029846e-08 -2.60770320892e-07 0.5 285.75 80
259184 12 259184 259184 -0.000551672186702 -2.50111042988e-12 0 2 0.00883771339431 5153.57314873 4.60126308965e-09 -2.32931427896 1.46799302547 -3.01105529134 0.961811732531 -8.04283501636e-09 4.67519474063e-10 8.37258994579e-06 5.91762363911e-06 9.685754776e-08 8.19563865662e-08 113.59375 217.53125 73
259200 24 259200 259200 -0.000480581074953 2.04636307899e-12 0 2 0.0162815215299 5153.69634628 5.19985945216e-09 -0.721873738516 1.02985070359 2.05642140879 0.933902117046 -8.5810717218e-09 -3.67515308488e-10 1.01625919342e-05 -1.74529850483e-06 3.16649675369e-07 -1.49011611938e-08 -37.90625 173.78125 27
259200 13 259200 259200 0.000685767270625 1.5916157281e-12 0 2 0.00875795108732 5153.68191338 4.69590988921e-09 0.861242683083 0.974872123863 1.25186844413 0.972041444674 -8.3878493876e-09 -2.04651381694e-10 4.65847551823e-06 -1.89244747162e-06 0 -8.94069671631e-08 -34.75 296.71875 37
259168 5 259168 259168 -0.000192812178284 -1.13686837722e-12 0 2 0.00571168737952 5153.70260048 4.08409869053e-09 1.4837977531 1.33686729512 0.0140069476056 0.974117695546 -7.89568602987e-09 4.38589697593e-10 1.04811042547e-05 1.3243407011e-06 -1.30385160446e-07 -8.38190317154e-08 27.46875 188.1875 63
259200 18 259200 259200 -0.000660249963403 -4.54747350886e-13 0 2 0.00480603624601 5153.72705841 4.04338270883e-09 -0.855589029894 -2.94968285991 -0.9661622812 0.97427320959 -7.85854162552e-09 -4.01802450971e-10 1.05611979961e-05 -4.21330332756e-06 -5.58793544769e-08 1.17346644402e-07 -77.5 185 219
259184 20 259184 259184 0.000368794426322 -3.41060513165e-13 0 2 0.00384720100556 5153.63658905 4.43839916285e-09 -0.426269783459 -2.46645709084 -0.117682349988 0.956433747236 -8.06819321549e-09 3.89659088008e-10 1.12559646368e-05 1.17346644402e-06 3.35276126862e-08 5.96046447754e-08 21.59375 162.4375 7
259184 29 259184 259184 -0.000564232002944 2.84217094304e-12 0 2 0.00287431944162 5153.74538231 4.79341395065e-09 1.06962666204 2.67668033526 -1.9572790819 0.968664381674 -8.51071164816e-09 -2.6643966971e-10 2.21282243729e-06 -1.06170773506e-06 -6.14672899246e-08 -2.98023223877e-08 -18.09375 336.875 71
259200 23 259200 259200 0.000361986458302 7.95807864051e-12 0 2 0.00489362154622 5153.61974144 3.83551690753e-09 -1.97736067833 -2.91041187006 0.0352014384869 0.981985486951 -7.65460455929e-09 5.70380901511e-10 1.04513019323e-05 1.91666185856e-06 1.86264514923e-08 -1.08033418655e-07 36.375 190.5625 229
266384 29 266384 266384 -0.000564211513847 2.84217094304e-12 0 2 0.00287475786172 5153.74424744 4.92949104737e-09 2.11997110558 2.67647569204 -1.95734143001 0.968662724188 -8.58178603726e-09 -1.18933525487e-10 2.04332172871e-06 -7.97212123871e-07 2.60770320892e-08 1.43423676491e-07 -17.28125 344.46875 74
266400 5 266400 266400 -0.000192821025848 -1.13686837722e-12 0 2 0.00571263255551 5153.69834137 4.12838624957e-09 2.53898762417 1.33650628937 0.0139506735358 0.974121545947 -7.73353641855e-09 4.2216044182e-10 1.09951943159e-05 1.11944973469e-06 -7.264316082e-08 8.19563865662e-08 21.1875 173.09375 85
266384 20 266384 266384 0.000368792098016 -3.41060513165e-13 0 2 0.00384619110264 5153.63478279 4.46590030839e-09 0.62380360477 -2.46632616553 -0.117740072347 0.956436570668 -8.02819154926e-09 3.51800368183e-10 1.17123126984e-05 9.22009348869e-07 6.70552253723e-08 3.72529029846e-09 14.90625 153.34375 17
266400 13 266400 266400 0.000685778912157 1.5916157281e-12 0 2 0.00875766761601 5153.68014717 4.68483799945e-09 1.91152235593 0.974770522739 1.25180791005 0.97204038991 -8.30034574272e-09 -1.62149611325e-10 4.57279384136e-06 -1.59442424774e-06 -1.30385160446e-07 -8.94069671631e-08 -28.1875 298.375 47
266400 24 266400 266400 -0.000480565708131 2.16004991671e-12 0 2 0.0162799363025 5153.6932106 5.16092925913e-09 0.328274024468 1.02987556295 2.05636017689 0.933899344816 -8.53214111221e-09 -5.00735143343e-10 1.02166086435e-05 -2.59093940258e-06 2.10478901863e-07 -2.98023223877e-07 -49.6875 173.5625 30
266400 23 266400 266400 0.00036204373464 7.95807864051e-12 0 2 0.00489410688169 5153.62177658 3.90016245742e-09 -0.926941410922 -2.91062268533 0.0351471100982 0.981988676113 -7.73996525776e-09 3.7965867145e-10 1.07418745756e-05 1.33737921715e-06 -1.00582838058e-07 1.02445483208e-07 27.21875 188.0625 230
266400 12 266400 266400 -0.000551690347493 -2.50111042988e-12 0 2 0.00883764505852 5153.57142067 4.59697719684e-09 -1.27684553792 1.4681010883 -3.01111348476 0.96181446965 -8.17534053575e-09 4.46447167745e-10 9.11019742489e-06 6.22309744358e-06 1.86264514923e-07 -5.21540641785e-08 114.3125 209.71875 74
266400 18 266400 266400 -0.000660253688693 -4.54747350886e-13 0 2 0.00480825721752 5153.73172569 4.08981321428e-09 0.194785176716 -2.94991398927 -0.966219207731 0.974269631292 -7.98961851397e-09 -4.25374861428e-10 9.5758587122e-06 -4.71249222755e-06 3.16649675369e-08 9.31322574615e-09 -87.03125 200.53125 220
266400 15 266400 266400 0.000227103475481 4.54747350886e-12 0 2 0.0161588843912 5153.71408463 5.63309178374e-09 1.21221319105 1.37692735812 0.951025672642 0.936779549634 -8.9403724024e-09 8.7503644878e-11 4.2486935854e-06 1.78813934326e-07 -1.67638063431e-07 -2.421438694e-07 8.96875 290.375 95
266400 32 266400 266400 -0.000574505887926 5.22959453519e-12 0 2 0.00802085222676 5153.74340248 4.73734018638e-09 2.91460873334 -2.13173000745 1.0985908937 0.962870753557 -8.19284126472e-09 6.07168148133e-12 4.35672700405e-06 -8.475035429e-07 -1.02445483208e-07 2.421438694e-08 -16.75 294.46875 47
266400 10 266400 266400 -0.000193679239601 -1.44382283906e-11 0 2 0.00993398891296 5153.68287849 3.77801451233e-09 -2.0962914753 -2.36270414503 0.0649368430287 0.986861985391 -7.52245619764e-09 5.22164607395e-10 1.03302299976e-05 1.87009572983e-06 -1.08033418655e-07 0 37.4375 195.03125 79
266384 25 266384 266384 0.000499044544995 -2.27373675443e-13 0 2 0.0120369588258 5153.71556091 4.7323399781e-09 -1.46557918284 1.0983621372 -3.09954417479 0.949884330289 -8.16926885427e-09 4.01802450971e-10 9.03196632862e-06 5.77978789806e-06 1.54599547386e-07 2.27242708206e-07 107.15625 198.59375 90
266384 32 266384 266384 -0.000574505422264 5.22959453519e-12 0 2 0.00802085048053 5153.74339485 4.73734018638e-09 2.91227481431 -2.13172969732 1.09859101805 0.962870747706 -8.19284126472e-09 5.71452374714e-12 4.35672700405e-06 -8.475035429e-07 -1.02445483208e-07 2.421438694e-08 -16.75 294.46875 41
266400 28 266400 266400 -0.000477146357298 -1.1823431123e-11 0 2 0.000475985696539 5153.75935173 4.32303721471e-09 -1.76542981354 1.42172860694 2.12523260602 0.961265712987 -7.94283085079e-09 -3.80015829185e-10 1.10622495413e-05 -1.68196856976e-06 1.11758708954e-08 7.45058059692e-09 -34.0625 162.65625 23
273600 10 273600 273600 -0.000193783082068 -1.44382283906e-11 0 2 0.00993396923877 5153.68579102 3.83873132714e-09 -1.04596666704 -2.36286027935 0.0648830983443 0.986864505999 -7.71782147824e-09 3.63943731146e-10 1.03693455458e-05 1.31130218506e-06 9.87201929092e-08 1.95577740669e-07 26.375 194.59375 90
273584 32 273584 273584 -0.0005744677037 5.22959453519e-12 0 2 0.00802154780831 5153.74190521 4.8169863611e-09 -2.32082629953 -2.13167349932 1.09853181668 0.962870880831 -8.20855620503e-09 3.14298806093e-11 4.18908894062e-06 -7.71135091782e-07 -9.12696123123e-08 7.264316082e-08 -16.71875 301.1875 44
273600 24 273600 273600 -0.000480550806969 2.16004991671e-12 0 2 0.0162822785787 5153.70029259 5.03413826349e-09 1.37826965567 1.03005064792 2.05629933998 0.933894877064 -8.51856911831e-09 -6.50384233971e-10 1.11926347017e-05 -3.44775617123e-06 -8.94069671631e-08 -2.81259417534e-07 -66.46875 153.65625 42
273600 23 273600 273600 0.000362101010978 7.95807864051e-12 0 2 0.00489348208066 5153.62085152 4.02659629533e-09 0.123313459609 -2.91066931292 0.0350911666479 0.9819909056 -7.82889753358e-09 3.5322899912e-10 1.07679516077e-05 1.03190541267e-06 -3.72529029846e-09 4.842877388e-08 22.03125 182.53125 231
273600 12 273600 273600 -0.000551708508283 -2.50111042988e-12 0 2 0.00883836147841 5153.5723877 4.5401891171e-09 -0.226604247662 1.46810431257 -3.01117335322 0.961817465707 -8.2949883767e-09 4.9537777733e-10 9.49203968048e-06 6.01820647717e-06 2.60770320892e-08 -8.75443220139e-08 119 202.78125 75
273600 18 273600 273600 -0.000660256948322 -4.54747350886e-13 0 2 0.00480644020718 5153.72739792 4.26267755763e-09 1.24521965848 -2.95020390891 -0.966276918386 0.974266576719 -8.00676208521e-09 -4.05731186047e-10 9.5758587122e-06 -5.17629086971e-06 2.421438694e-08 3.35276126862e-08 -103.4375 202.53125 221
273600 25 273600 273600 0.00049904268235 -2.27373675443e-13 0 2 0.0120360405417 5153.71258354 4.82805825086e-09 -0.413192591976 1.09846741464 -3.09960428902 0.949886147234 -8.42535094969e-09 4.15731602604e-10 9.97073948383e-06 5.5618584156e-06 1.09896063805e-07 -4.09781932831e-08 103.90625 187.9375 102
273600 28 273600 273600 -0.000477231573313 -1.1823431123e-11 0 2 0.000475550070405 5153.75932312 4.27982112887e-09 -0.715023858677 1.4214490038 2.12517549955 0.96126302268 -7.92604443728e-09 -3.89659088008e-10 1.10920518637e-05 -2.00793147087e-06 4.47034835815e-08 3.72529029846e-09 -40.46875 164.96875 24
273600 15 273600 273600 0.000227136071771 4.54747350886e-12 0 2 0.0161587784532 5153.71439552 5.4802282735e-09 2.2623673704 1.37693684221 0.950962931012 0.936782232626 -8.49142513051e-09 8.9289433549e-11 3.70480120182e-06 2.60770320892e-07 -1.56462192535e-07 2.01165676117e-07 10.34375 291.65625 97
273600 31 273600 273600 -0.000221854541451 6.8212102633e-13 0 2 0.0107158789178 5153.59573174 4.47554356721e-09 -0.576683733192 0.769937076684 2.17855168074 0.954173936717 -8.16641159239e-09 -3.55729103259e-10 1.09430402517e-05 -1.03376805782e-06 1.80676579475e-07 6.51925802231e-08 -24.6875 165 10
273600 26 273600 273600 2.80076637864e-05 -1.3073986338e-11 0 2 0.00953354779631 5153.73445129 5.02842373975e-09 -1.16920150504 0.577996909903 3.11796661877 0.930650379312 -8.37499170916e-09 3.43942898031e-10 9.4436109066e-06 5.26942312717e-06 -1.11758708954e-08 1.97440385818e-07 100.5625 176.03125 102
273584 21 273584 273584 9.75900329649e-05 -9.09494701773e-13 0 2 0.0255541024962 5153.64118385 4.37661087484e-09 3.08121153203 -0.494164600031 -1.078258676 0.960869799078 -7.72603610613e-09 -3.41799951626e-10 9.46037471294e-06 -4.8503279686e-06 3.61353158951e-07 -2.9057264328e-07 -99.03125 194.5 61
280800 10 280800 280800 -0.000193886458874 -1.44382283906e-11 0 2 0.00993258249946 5153.68282318 4.03373945001e-09 0.00413339310956 -2.36279010024 0.064826530228 0.986866359516 -7.9074722351e-09 3.83944564261e-10 1.0684132576e-05 1.11199915409e-06 2.60770320892e-08 -7.45058059692e-09 19.96875 185.6875 92
280800 32 280800 280800 -0.000574429985136 5.22959453519e-12 0 2 0.0080220294185 5153.73873329 5.01735184999e-09 -1.26855071927 -2.13147292008 1.09847300738 0.962869886047 -8.42035074141e-09 -1.1571910588e-10 4.12575900555e-06 -2.77534127235e-07 1.60187482834e-07 2.16066837311e-07 -4.8125 303 45
280800 23 280800 280800 0.000362158287317 7.95807864051e-12 0 2 0.00489363144152 5153.62202263 4.09231331842e-09 1.1733559159 -2.91050134067 0.0350344932016 0.981993474484 -7.85675583685e-09 3.98945189097e-10 1.12317502499e-05 1.45100057125e-06 1.11758708954e-08 1.22934579849e-07 24.65625 173.46875 232
280800 12 280800 280800 -0.000551726669073 -2.50111042988e-12 0 2 0.00883885473013 5153.57308578 4.44268505567e-09 0.823681348537 1.46806019828 -3.01123276525 0.961820723625 -8.30570310873e-09 4.27160650099e-10 9.37469303608e-06 6.38701021671e-06 -5.58793544769e-08 -5.77419996262e-08 125.09375 197.625 76
280800 25 280800 280800 0.000499040819705 -2.27373675443e-13 0 2 0.0120394418482 5153.71921158 4.60590614019e-09 0.636917121972 1.09851420754 -3.09966436082 0.949888944333 -8.39249243814e-09 3.25013538118e-10 1.06692314148e-05 6.02193176746e-06 2.79396772385e-08 -1.28522515297e-07 117.75 168.03125 103
280800 28 280800 280800 -0.00047731725499 -1.1823431123e-11 0 2 0.000475548440591 5153.75915909 4.2905358609e-09 0.334148638266 1.4224035125 2.12511944199 0.961259883258 -7.87568519676e-09 -5.45379860117e-10 1.14142894745e-05 -2.22027301788e-06 -1.02445483208e-07 -1.30385160446e-07 -46.0625 161.28125 25
280800 31 280800 280800 -0.000221849884838 6.8212102633e-13 0 2 0.0107138500316 5153.59184837 4.46590030839e-09 0.473532432915 0.769949922568 2.17849392327 0.95417140148 -8.04819238237e-09 -5.00020827875e-10 1.11814588308e-05 -1.76206231117e-06 2.44006514549e-07 -2.04890966415e-07 -39 162.5 11
280800 26 280800 280800 2.79131345451e-05 -1.3073986338e-11 0 2 0.0095323426649 5153.73197365 5.07449708746e-09 -0.119112465055 0.578055748468 3.11790591499 0.930652203571 -8.50642575535e-09 3.26442169055e-10 1.02054327726e-05 5.26383519173e-06 6.14672899246e-08 9.31322574615e-08 97.8125 166.25 103
280800 29 280800 280800 -0.000564170069993 2.84217094304e-12 0 2 0.00287560618017 5153.74196434 4.93413409792e-09 -2.06029436152 2.67617395494 -1.95746530991 0.968662010284 -8.5957151889e-09 -1.39291516336e-11 1.86450779438e-06 -5.64381480217e-07 2.23517417908e-08 -6.51925802231e-08 -11.65625 353.53125 78
280800 16 280800 280800 -0.000129732303321 9.77706804406e-12 0 2 0.0142009170959 5153.65400505 4.39375444608e-09 -0.972442022365 0.853501937336 -2.99357803141 0.961207535661 -8.19819863074e-09 4.16803075807e-10 8.37258994579e-06 6.19143247604e-06 2.10478901863e-07 2.01165676117e-07 112.40625 215.8125 45
280800 3 280800 280800 0.000598404090852 1.04591890704e-11 0 2 0.00566823116969 5153.63033104 3.93480675764e-09 0.957487014606 1.16009590793 0.0673573916714 0.987233281315 -7.81853995929e-09 4.21446126351e-10 1.0808929801e-05 1.51619315147e-06 8.00937414169e-08 -1.26659870148e-07 29.1875 185.46875 62
288000 16 288000 288000 -0.000129661522806 9.77706804406e-12 0 2 0.0142005304806 5153.65273094 4.43554190098e-09 0.0776993023164 0.853553980647 -2.99363787354 0.961209984585 -8.32856120372e-09 4.0858844792e-10 9.00030136108e-06 6.17280602455e-06 1.95577740669e-07 -2.60770320892e-08 114.0625 207.21875 103
288000 10 288000 288000 -0.000193990301341 -1.44382283906e-11 0 2 0.00993450579699 5153.68745995 4.03123934587e-09 1.05415183414 -2.3626374345 0.0647690916755 0.986869335092 -7.91711549392e-09 4.82162941165e-10 1.1783093214e-05 1.47894024849e-06 1.58324837685e-07 1.67638063431e-08 24.15625 168.40625 93
288000 32 288000 288000 -0.000574392732233 5.22959453519e-12 0 2 0.00802172895055 5153.7377758 5.17878714584e-09 -0.218455839311 -2.13142187009 1.09841125614 0.96286818321 -8.63107380458e-09 -9.89326923723e-11 4.22634184361e-06 -2.32830643654e-07 1.08033418655e-07 -1.49011611938e-08 -5.21875 299.3125 56
288000 3 288000 288000 0.00059847952798 1.04591890704e-11 0 2 0.00566871499177 5153.63033295 3.84694595503e-09 2.00769653029 1.16008906294 0.0673011541746 0.987237621792 -7.58388732792e-09 5.12878506306e-10 1.09896063805e-05 1.19395554066e-06 -1.84401869774e-07 -4.47034835815e-08 25.15625 179.46875 68
288000 25 288000 288000 0.000499038957059 -2.27373675443e-13 0 2 0.0120390135562 5153.71643448 4.57840499466e-09 1.68718905744 1.09839690784 -3.09972504998 0.949891807264 -8.25962976102e-09 3.89659088008e-10 1.06319785118e-05 6.54347240925e-06 -2.01165676117e-07 -1.76951289177e-07 128.625 167.46875 104
288000 28 288000 288000 -0.000477402471006 -1.1823431123e-11 0 2 0.000475772889331 5153.7587204 4.42232706482e-09 1.38532509745 1.42135358789 2.12506309624 0.961254994186 -7.99747598412e-09 -6.81456956846e-10 1.18054449558e-05 -2.30222940445e-06 -4.09781932831e-08 7.07805156708e-08 -43.34375 154.1875 26
288000 31 288000 288000 -0.000221845228225 6.8212102633e-13 0 2 0.0107154747238 5153.59795952 4.46268588878e-09 1.52350198761 0.770208496264 2.17843710207 0.954166638219 -8.06533595362e-09 -7.40745140723e-10 1.25169754028e-05 -2.46055424213e-06 -8.19563865662e-08 -1.50874257088e-07 -49.78125 142.25 12
288000 29 288000 288000 -0.000564149115235 2.84217094304e-12 0 2 0.00287579523865 5153.7423439 4.82984403953e-09 -1.01008459275 2.6761062233 -1.95752745174 0.968661962007 -8.61785896842e-09 6.42883921553e-12 1.6987323761e-06 -9.12696123123e-07 -1.86264514923e-09 -2.79396772385e-08 -12.28125 350.53125 84
288000 26 288000 288000 2.78186053038e-05 -1.31876731757e-11 0 2 0.00953552906867 5153.73912811 4.90377569051e-09 0.93082094532 0.578269167735 3.11784575687 0.930654422818 -8.40999316712e-09 2.07508643568e-10 1.1133030057e-05 6.31809234619e-06 8.56816768646e-08 -7.82310962677e-08 118.3125 147.625 104
288000 27 288000 288000 -3.47220338881e-05 1.13686837722e-13 0 2 0.0128210670082 5153.67849731 5.09342644737e-09 -0.844259074619 0.800468400825 -2.04245700138 0.959480332653 -8.81429572223e-09 6.21454457501e-11 1.26846134663e-06 7.61821866035e-07 2.71946191788e-07 1.80676579475e-07 9.84375 352.9375 84
287984 16 287984 287984 -0.000129661057144 9.77706804406e-12 0 2 0.0142005311791 5153.65272522 4.43518474325e-09 0.0753658016882 0.853553737802 -2.99363775211 0.961209986048 -8.32856120372e-09 4.0858844792e-10 9.00030136108e-06 6.17280602455e-06 1.95577740669e-07 -2.60770320892e-08 114.0625 207.21875 14
288000 4 288000 288000 0.000478636939079 6.48014975013e-12 0 2 0.00314968975727 5153.68171501 4.8859178038e-09 -1.22136252503 -3.00130808323 1.14396164191 0.965781530437 -8.33284709653e-09 -8.89322758148e-11 4.25800681114e-06 -7.71135091782e-07 -5.77419996262e-08 2.421438694e-08 -13.46875 300.53125 101
287984 26 287984 287984 2.78269872069e-05 -1.29602995003e-11 0 2 0.0095355338417 5153.73914909 4.90377569051e-09 0.928487100906 0.57826926575 3.11784588561 0.930654411115 -8.40999316712e-09 2.07508643568e-10 1.1133030057e-05 6.31809234619e-06 8.56816768646e-08 -7.82310962677e-08 118.3125 147.625 21
288000 8 288000 288000 0.000412203837186 1.03455022327e-11 0 2 0.00993507402018 5153.7034626 5.20450250271e-09 -0.905038071863 0.37836268933 -2.07040849728 0.950454779102 -8.79393773138e-09 1.26076680171e-10 1.02631747723e-06 8.75443220139e-07 -1.67638063431e-08 2.62632966042e-07 16.03125 349.03125 35
288000 18 288000 288000 -0.000660264864564 -4.54747350886e-13 0 2 0.00480712216813 5153.73138618 4.15017287136e-09 -2.93832827934 -2.94955492334 -0.966391971042 0.974262433735 -7.8656847802e-09 -2.81797452281e-10 1.11572444439e-05 -6.12437725067e-06 -4.842877388e-08 -4.65661287308e-08 -120.5625 173.625 224
287984 3 287984 287984 0.000598478596658 1.04591890704e-11 0 2 0.00566871732008 5153.63033485 3.84694595503e-09 2.00536297114 1.1600888435 0.0673012580418 0.987237604237 -7.58388732792e-09 5.12878506306e-10 1.09896063805e-05 1.19395554066e-06 -1.84401869774e-07 -4.47034835815e-08 25.15625 179.46875 12
295184 16 295184 295184 -0.000129590276629 9.77706804406e-12 0 2 0.0142031176947 5153.65809441 4.34982404477e-09 1.12547340611 0.853636085461 -2.99369672673 0.961212347198 -8.29070248389e-09 2.48938940735e-10 1.00005418062e-05 6.69434666634e-06 2.421438694e-08 -1.41561031342e-07 125.625 189.5 33
295200 32 295200 295200 -0.000574355013669 5.22959453519e-12 0 2 0.0080225742422 5153.73950768 5.17378693756e-09 0.831649071876 -2.13138088937 1.09834938641 0.962867344958 -8.61000149826e-09 -1.32148361653e-10 4.65847551823e-06 -5.77419996262e-08 9.31322574615e-08 -7.63684511185e-08 -2.90625 293.3125 58
295200 18 295200 295200 -0.000660268124193 -4.54747350886e-13 0 2 0.00480618199799 5153.73305321 4.06231206875e-09 -1.88812361323 -2.94961768691 -0.966449266228 0.974260444167 -7.92711591048e-09 -2.067943281e-10 1.08331441879e-05 -6.09643757343e-06 -7.264316082e-08 6.51925802231e-08 -112.4375 177.65625 225
295184 3 295184 295184 0.000598553568125 1.04591890704e-11 0 2 0.00566978228744 5153.62744522 3.93159233803e-09 3.05577362343 1.15988245209 0.0672465434427 0.987241322975 -7.59853079502e-09 5.48594279725e-10 1.14180147648e-05 9.14558768272e-07 -2.08616256714e-07 6.14672899246e-08 17.59375 169.78125 48
295200 28 295200 295200 -0.000477487687021 -1.1823431123e-11 0 2 0.000475098262541 5153.75974083 4.43018453497e-09 2.43474348312 1.42206383608 2.12500559478 0.961250122669 -7.98104672835e-09 -6.9288600434e-10 1.16359442472e-05 -1.83098018169e-06 1.86264514923e-09 6.89178705215e-08 -34.625 154.90625 27
295200 4 295200 295200 0.000478683505207 6.48014975013e-12 0 2 0.0031489309622 5153.67969513 5.00627996023e-09 -0.171419709553 -3.00107130262 1.14390166519 0.965780389361 -8.41892211047e-09 -1.31791203918e-10 4.27290797234e-06 -5.3271651268e-07 4.09781932831e-08 2.98023223877e-08 -6.21875 298.40625 102
295200 27 295200 295200 -3.47215682268e-05 1.13686837722e-13 0 2 0.0128217680613 5153.67988205 5.04949604606e-09 0.205935487114 0.800455611995 -2.04252106841 0.959480395558 -8.90287084031e-09 4.21446126351e-11 1.3317912817e-06 7.63684511185e-07 2.45869159698e-07 -4.28408384323e-08 14.46875 355.0625 85
295200 31 295200 295200 -0.000221840571612 6.8212102633e-13 0 2 0.010716257384 5153.59489632 4.55126100686e-09 2.57386580165 0.77007293496 2.17837928754 0.954162160227 -7.89354308347e-09 -7.11815364253e-10 1.25616788864e-05 -2.43075191975e-06 -1.88127160072e-07 1.30385160446e-08 -42.84375 132.15625 13
295184 26 295184 295184 2.77338549495e-05 -1.29602995003e-11 0 2 0.00953613151796 5153.73750687 4.96092092798e-09 1.97873088983 0.578169130471 3.11778517743 0.930656017399 -8.35356224511e-09 2.3322400043e-10 1.14776194096e-05 6.6515058279e-06 -3.16649675369e-08 -1.41561031342e-07 129.75 142.96875 22
295200 8 295200 295200 0.000412277877331 1.03455022327e-11 0 2 0.00993586052209 5153.70492172 5.2316464905e-09 0.145138907058 0.378353240343 -2.07047241217 0.950454801046 -8.96394481285e-09 9.21466954226e-11 9.38773155212e-07 1.06915831566e-06 1.26659870148e-07 1.00582838058e-07 19.0625 354.5 41
295200 9 295200 295200 0.000441617332399 1.70530256582e-11 0 2 0.00318796385545 5153.55419159 5.13914263735e-09 0.670208786738 2.01491178123 1.08305418583 0.959556906174 -8.48535344903e-09 -8.9289433549e-12 4.17977571487e-06 -5.77419996262e-08 -2.421438694e-08 -3.53902578354e-08 2.3125 298.15625 99
296976 28 296976 296976 -0.000477508176118 -1.1823431123e-11 0 2 0.00047470186837 5153.76058197 4.41946980294e-09 2.69327730179 1.422561395 2.12499145861 0.961248893818 -7.97497504686e-09 -6.98957685822e-10 1.16769224405e-05 -1.61863863468e-06 9.31322574615e-09 5.58793544769e-08 -30.9375 154.21875 28
295200 21 295200 295200 9.75700095296e-05 -9.09494701773e-13 0 2 0.0255539077334 5153.63671494 4.72698261209e-09 -0.0491621988429 -0.494035580896 -1.07843628449 0.960862787312 -8.65071747996e-09 -3.16441752498e-10 8.40611755848e-06 -6.71856105328e-06 -3.40864062309e-07 2.9057264328e-07 -123.40625 220.25 81
295184 7 295184 295184 -2.04467214644e-05 2.27373675443e-12 0 2 0.0188362458721 5153.59571266 4.49518724259e-09 -2.64509211278 -2.09459252563 2.1561484772 0.950215486666 -7.70746390395e-09 -5.107355599e-10 1.13621354103e-05 -2.51829624176e-06 -1.41561031342e-07 1.28522515297e-07 -47.625 150.21875 36
295184 2 295184 295184 -0.000315600074828 8.52651282912e-12 0 2 0.0163766597398 5153.68421364 4.49804450447e-09 0.278177478866 -1.10220683952 -1.07023176153 0.966624399466 -8.42392231875e-09 -3.5751489193e-10 9.00775194168e-06 -6.61239027977e-06 -2.84984707832e-07 -3.91155481339e-08 -122.875 214 2
302400 9 302400 302400 0.000441739801317 1.70530256582e-11 0 2 0.00318769633304 5153.55330658 5.19414492841e-09 1.7205917811 2.01478780478 1.08299320848 0.959556986634 -8.45678083029e-09 -5.35736601294e-12 4.12948429585e-06 4.09781932831e-08 -4.09781932831e-08 -3.72529029846e-09 3.40625 294.6875 100
302400 16 302400 302400 -0.000129519496113 9.77706804406e-12 0 2 0.0142029096605 5153.65534592 4.36446751188e-09 2.17810242152 0.853532003228 -2.99375670491 0.961215433955 -8.04783522464e-09 3.51800368183e-10 9.80123877525e-06 6.86198472977e-06 -2.6635825634e-07 -7.45058059692e-08 137.375 190.90625 34
302384 7 302384 302384 -2.04299576581e-05 2.27373675443e-12 0 2 0.0188366388902 5153.59331703 4.64090759814e-09 -1.59493054278 -2.09452570684 2.15609377138 0.950210840438 -7.88568561332e-09 -6.98957685822e-10 1.13192945719e-05 -1.97626650333e-06 -1.11758708954e-08 4.52622771263e-07 -37 151.53125 37
302400 21 302400 302400 9.75634902716e-05 -9.09494701773e-13 0 2 0.0255549632711 5153.63868523 4.51554523344e-09 1.00103731926 -0.494032129873 -1.07849709653 0.960861965152 -8.24820071352e-09 -4.06445501515e-10 7.91624188423e-06 -6.86943531036e-06 4.842877388e-08 6.63101673126e-07 -129.28125 226.40625 82
302400 2 302400 302400 -0.000315538607538 8.52651282912e-12 0 2 0.0163785066688 5153.68803406 4.32625163432e-09 1.33062392503 -1.10214771276 -1.07029203375 0.966623104784 -8.13176729218e-09 -3.49657421778e-10 8.45082104206e-06 -7.41891562939e-06 -3.20374965668e-07 3.37138772011e-07 -138.59375 220.15625 11
302400 4 302400 302400 0.000478730536997 6.48014975013e-12 0 2 0.00314893829636 5153.67975426 5.11271296502e-09 0.878737679432 -3.00104739122 1.14384064395 0.965779284858 -8.47678166341e-09 -1.08218793461e-10 4.15928661823e-06 -2.32830643654e-07 -1.86264514923e-08 1.67638063431e-08 -5.46875 297.71875 103
302400 27 302400 302400 -3.47211025655e-05 1.13686837722e-13 0 2 0.0128221799387 5153.68083954 5.00520848702e-09 1.25609374946 0.800477293904 -2.04258432206 0.959480100049 -8.8600119122e-09 -9.07180644858e-11 1.48639082909e-06 7.45058059692e-07 8.56816768646e-08 -1.86264514923e-07 15.625 351.6875 86
302400 31 302400 302400 -0.000221835914999 6.8212102633e-13 0 2 0.0107141858898 5153.59875488 4.54911806046e-09 -2.65912938668 0.770110732375 2.17832202747 0.954157035625 -7.93925927344e-09 -6.43241079287e-10 1.21612101793e-05 -1.5664845705e-06 -1.9371509552e-07 1.58324837685e-07 -28.15625 138.625 28
302400 26 302400 302400 2.76402570307e-05 -1.29602995003e-11 0 2 0.00953498436138 5153.73971176 4.82805825086e-09 3.03116050073 0.578217567688 3.11772549476 0.930658554099 -8.17176895841e-09 2.36795577772e-10 1.09635293484e-05 6.7837536335e-06 -4.09781932831e-08 2.79396772385e-08 133.46875 152.34375 32
302400 8 302400 302400 0.000412351917475 1.02318153949e-11 0 2 0.00993651512545 5153.70632935 5.15735768179e-09 1.19526977773 0.378387874928 -2.07053567899 0.95045523407 -8.86072622767e-09 -5.89310261424e-11 1.04494392872e-06 1.3392418623e-06 1.11758708954e-07 -1.09896063805e-07 24.40625 353.625 48
302400 30 302400 302400 -0.000282818917185 7.73070496507e-12 0 2 0.00715142127592 5153.78282738 4.9559207197e-09 -1.73906009634 -2.46260538846 2.15416789093 0.935371871342 -8.13462455405e-09 -6.46455498895e-10 1.12429261208e-05 -2.59652733803e-06 -1.73225998878e-07 5.02914190292e-08 -48.75 147.75 48
302384 9 302384 302384 0.000441739335656 1.70530256582e-11 0 2 0.00318769610021 5153.55330849 5.19414492841e-09 1.7182579557 2.01478771261 1.08299334599 0.959556988097 -8.45678083029e-09 -5.35736601294e-12 4.12948429585e-06 4.09781932831e-08 -4.09781932831e-08 -3.72529029846e-09 3.40625 294.6875 51
302400 14 302400 302400 0.000538842752576 8.07176547823e-12 0 2 0.00501287472434 5153.70408249 4.57233331318e-09 -2.46385648771 -2.85963306336 -3.05849690395 0.945161280253 -8.10319467344e-09 3.36799743347e-10 1.0235235095e-05 6.34789466858e-06 -8.00937414169e-08 -2.98023223877e-08 122.6875 173.59375 165
302400 17 302400 302400 0.000560301356018 -1.44382283906e-11 0 2 0.0135260006646 5153.56845474 4.80591447134e-09 1.13090503515 -1.27359750723 -1.973108369 0.966181435186 -8.70429114009e-09 3.07155651409e-11 1.29081308842e-06 -1.91852450371e-07 -2.71946191788e-07 1.30385160446e-08 0.6875 354.65625 34
309584 9 309584 309584 0.000441861804575 1.70530256582e-11 0 2 0.00318767130375 5153.55337143 5.30379235281e-09 2.76851156812 2.01479416116 1.0829317469 0.959557118297 -8.50249702027e-09 9.67897459671e-11 4.35300171375e-06 3.09199094772e-07 3.35276126862e-08 1.13621354103e-07 3.46875 294.53125 52
309600 7 309600 309600 -2.04131938517e-05 2.27373675443e-12 0 2 0.0188374593854 5153.59478378 4.91056168746e-09 -0.542341151966 -2.09454931249 2.15603485381 0.950202806092 -8.50821154402e-09 -7.48602610875e-10 1.12466514111e-05 -1.53668224812e-06 2.08616256714e-07 -1.02445483208e-07 -29.40625 158.03125 38
309600 21 309600 309600 9.75569710135e-05 -9.09494701773e-13 0 2 0.0255547644338 5153.64103889 4.37696803257e-09 2.05118955438 -0.49398401596 -1.0785535915 0.960858569719 -7.98176104381e-09 -6.4181244835e-10 8.30553472042e-06 -6.32926821709e-06 3.31550836563e-07 2.47731804848e-07 -123.71875 218.625 89
309600 30 309600 309600 -0.000282763037831 7.73070496507e-12 0 2 0.00715093628969 5153.78048515 5.1491430539e-09 -0.689101258988 -2.46244609278 2.15410935665 0.93536583973 -8.37320592049e-09 -7.64674708914e-10 1.14589929581e-05 -2.26683914661e-06 9.685754776e-08 8.00937414169e-08 -41.21875 142.875 49
309600 2 309600 309600 -0.000315477140248 8.52651282912e-12 0 2 0.0163778041024 5153.6900425 4.2080324243e-09 2.38073834957 -1.10209259732 -1.07034823907 0.966620870908 -7.87104214621e-09 -4.92163357722e-10 8.6072832346e-06 -6.76326453686e-06 4.47034835815e-08 2.60770320892e-07 -130.6875 214.15625 36
309600 4 309600 309600 0.000478777103126 6.48014975013e-12 0 2 0.00314899976365 5153.68037605 5.17485841077e-09 1.928817051 -3.00094482896 1.14377893807 0.96577892498 -8.46785272005e-09 2.25009372544e-11 4.58396971226e-06 -1.67638063431e-07 1.37835741043e-07 -1.86264514923e-08 -5.21875 295.4375 104
309600 27 309600 309600 -3.47206369042e-05 1.13686837722e-13 0 2 0.0128219914623 5153.68179321 4.82770109313e-09 2.3062356871 0.800515271257 -2.04264815503 0.959481273309 -8.53428405862e-09 4.96449250533e-11 1.31316483021e-06 5.12227416039e-07 -2.83122062683e-07 -1.19209289551e-07 13.0625 354.59375 88
309600 8 309600 309600 0.00041242595762 1.02318153949e-11 0 2 0.00993644702248 5153.70680046 5.1334281136e-09 2.24541075423 0.378412690407 -2.07059981186 0.950455260402 -8.76036490436e-09 2.0000833115e-11 1.17532908916e-06 1.11386179924e-06 -2.60770320892e-08 -2.40281224251e-07 22.625 353.1875 49
309600 17 309600 309600 0.000560197047889 -1.44382283906e-11 0 2 0.0135261318646 5153.57180977 4.63090718159e-09 2.18101735894 -1.27346514093 -1.9731689777 0.966182647945 -8.38213486385e-09 -7.53602819154e-11 5.49480319023e-07 3.35276126862e-07 5.96046447754e-08 1.54599547386e-07 6.78125 366.6875 35
309600 14 309600 309600 0.000538901425898 8.07176547823e-12 0 2 0.00501218310092 5153.7053051 4.59876298551e-09 -1.41360886593 -2.85971912683 -3.05855493938 0.945163553627 -8.11819529828e-09 2.67153985179e-10 1.05574727058e-05 6.73346221447e-06 -1.78813934326e-07 2.421438694e-08 130.71875 170.3125 166
309600 3 309600 309600 0.000598703976721 1.04591890704e-11 0 2 0.0056690814672 5153.62926292 3.9594506413e-09 -1.12462454936 1.15983811543 0.067135749342 0.98725084072 -7.73889378456e-09 7.11815364253e-10 1.19879841805e-05 1.3317912817e-06 1.58324837685e-07 3.53902578354e-08 22.34375 165.84375 70
309600 16 309600 309600 -0.000129449181259 9.77706804406e-12 0 2 0.0142024504021 5153.65660477 4.25803450709e-09 -3.0549394061 0.853577912523 -2.99381334325 0.961218630431 -7.8499698399e-09 3.03584074067e-10 9.31136310101e-06 6.94394111633e-06 -8.75443220139e-08 8.19563865662e-08 137.375 198.96875 38
309600 22 309600 309600 -7.90827907622e-05 -2.95585778076e-12 0 2 0.0138004421024 5153.69410896 4.18910306439e-09 2.7160085808 -1.09140452369 -2.99051840115 0.960569489792 -7.82246869436e-09 2.16080429189e-10 1.03190541267e-05 7.44871795177e-06 6.14672899246e-08 1.65775418282e-07 142.40625 176.34375 45
309584 17 309584 309584 0.000560199376196 -1.44382283906e-11 0 2 0.0135261319811 5153.57181358 4.63090718159e-09 2.17868318244 -1.27346486298 -1.97316884311 0.966182647945 -8.38213486385e-09 -7.53602819154e-11 5.49480319023e-07 3.35276126862e-07 5.96046447754e-08 1.54599547386e-07 6.78125 366.6875 37
309600 19 309600 309600 0.000562272965908 4.43378667114e-12 0 2 0.00999244581908 5153.74765587 4.71948229967e-09 -2.23198173973 2.6776329641 -1.92891447841 0.965368001532 -8.55642783814e-09 8.57178562071e-12 1.20885670185e-06 -3.91155481339e-08 8.19563865662e-08 -2.14204192162e-07 -4.21875 360.6875 84
309584 8 309584 309584 0.000412428285927 1.03455022327e-11 0 2 0.00993644609116 5153.70680618 5.1334281136e-09 2.24307659529 0.378413139523 -2.07059964947 0.950455276494 -8.76036490436e-09 2.0000833115e-11 1.17532908916e-06 1.11386179924e-06 -2.60770320892e-08 -2.40281224251e-07 22.625 353.1875 36
309600 6 309600 309600 -0.000111524015665 -2.91038304567e-11 0 2 0.00326220644638 5153.73617363 3.65050920122e-09 0.339604453729 -0.770814204328 -0.968221470059 0.989376307083 -7.85139847083e-09 -3.03941231801e-10 9.66340303421e-06 -6.93090260029e-06 -7.45058059692e-08 3.53902578354e-08 -135.09375 204.96875 63
316800 7 316800 316800 -2.03968957067e-05 2.27373675443e-12 0 2 0.0188369733514 5153.5938549 4.9955652282e-09 0.507916503961 -2.09457513884 2.15597362192 0.950197371352 -8.5132117523e-09 -7.82175437889e-10 1.10380351543e-05 -1.30571424961e-06 1.210719347e-07 -1.47148966789e-07 -28.9375 166 39
316800 6 316800 316800 -0.000111734028906 -2.91038304567e-11 0 2 0.00326172425412 5153.73519325 3.6012214339e-09 1.38982844352 -0.770901429356 -0.968277556875 0.989374516471 -7.74782272792e-09 -3.28227957726e-10 9.92231070995e-06 -6.81914389133e-06 2.04890966415e-08 1.17346644402e-07 -133.1875 200.5 96
316800 3 316800 316800 0.000598778948188 1.04591890704e-11 0 2 0.0056688960176 5153.62925911 3.864446684e-09 -0.0743743528475 1.1597911821 0.0670801014012 0.987255950693 -7.72925052574e-09 6.88957269264e-10 1.19265168905e-05 8.9593231678e-07 1.71363353729e-07 -3.35276126862e-08 20.15625 170.1875 72
316800 21 316800 316800 9.75504517555e-05 -9.09494701773e-13 0 2 0.0255552557064 5153.64019203 4.19981779641e-09 3.10139100207 -0.493985199461 -1.07861222087 0.96085578286 -7.76603777236e-09 -3.31799535068e-10 8.20495188236e-06 -5.92321157455e-06 3.24100255966e-07 -2.23517417908e-07 -119.71875 217.5 96
316800 30 316800 316800 -0.000282707158476 7.73070496507e-12 0 2 0.0071526815882 5153.78384781 5.19521640162e-09 0.361059965768 -2.46248788688 2.15404845098 0.935360084611 -8.46035240764e-09 -7.40030825254e-10 1.10641121864e-05 -1.52550637722e-06 1.67638063431e-08 2.23517417908e-08 -30.40625 149.5625 53
316800 22 316800 316800 -7.91037455201e-05 -2.95585778076e-12 0 2 0.01380204421 5153.69123459 4.3176798487e-09 -2.51699673531 -1.0914167332 -2.99057465182 0.960571034634 -7.86211320286e-09 2.16437586923e-10 1.00545585155e-05 7.72438943386e-06 1.78813934326e-07 1.56462192535e-07 151.375 185.65625 46
316800 2 316800 316800 -0.000315415672958 8.52651282912e-12 0 2 0.0163800134324 5153.68607521 4.17124517768e-09 -2.85227825295 -1.10209159522 -1.07040579904 0.966618179139 -7.81103964687e-09 -2.9786955032e-10 7.84359872341e-06 -5.94742596149e-06 2.32830643654e-07 8.38190317154e-08 -116.65625 224.40625 37
316800 19 316800 316800 0.000562305096537 4.43378667114e-12 0 2 0.00999271508772 5153.74616814 4.7626983855e-09 -1.18191991733 2.67770931819 -1.92897681482 0.965368067363 -8.63321675099e-09 3.89301930274e-11 1.22748315334e-06 -4.56348061562e-07 -8.00937414169e-08 -1.84401869774e-07 -10.34375 360.375 85
316784 17 316784 316784 0.000560095068067 -1.44382283906e-11 0 2 0.0135263394332 5153.57122993 4.72162524607e-09 -3.05423367979 -1.27348852568 -1.97322906121 0.966182030594 -8.36141971526e-09 -7.82175437889e-11 8.13975930214e-07 3.09199094772e-07 8.56816768646e-08 8.75443220139e-08 3.1875 368.34375 38
316800 14 316800 316800 0.000538959633559 8.07176547823e-12 0 2 0.00501280976459 5153.70603752 4.75519807309e-09 -0.363447159879 -2.85971823006 -3.05861325422 0.945164140257 -8.33106130786e-09 1.32505519387e-10 1.00992619991e-05 6.56023621559e-06 5.77419996262e-08 1.39698386192e-07 130.59375 178.21875 167
316784 8 316784 316784 0.000412502326071 1.03455022327e-11 0 2 0.00993625784758 5153.70717812 5.02663795108e-09 -2.98995175007 0.378420740846 -2.07066208389 0.950456300537 -8.58607193007e-09 4.000166623e-11 1.0896474123e-06 1.13621354103e-06 -1.11758708954e-07 -5.58793544769e-08 22.65625 354.71875 51
319472 14 319472 319472 0.000538980588317 8.07176547823e-12 0 2 0.00501353060827 5153.70737267 4.78555648049e-09 0.0263056267521 -2.8597440213 -3.05863557396 0.945164350918 -8.36677708128e-09 1.36077096729e-10 9.66712832451e-06 6.6589564085e-06 3.91155481339e-08 9.49949026108e-08 131.875 183.9375 168
316800 9 316800 316800 0.000441984739155 1.70530256582e-11 0 2 0.00318745628465 5153.55377388 5.2577190051e-09 -2.46207439016 2.01478893415 1.08287006296 0.95955846857 -8.4296368425e-09 2.0000833115e-10 4.47034835815e-06 2.60770320892e-07 3.91155481339e-08 -3.53902578354e-08 2.09375 293.75 53
316800 4 316800 316800 0.000478823669255 6.48014975013e-12 0 2 0.00314900756348 5153.6803894 5.07342561426e-09 2.97899140837 -3.00093766944 1.14371794316 0.96578006313 -8.31141763248e-09 1.11076055335e-10 4.65475022793e-06 -1.56462192535e-07 -5.02914190292e-08 -6.70552253723e-08 -5.40625 295.1875 105
316800 11 316800 316800 -0.000749889295548 -1.70530256582e-12 0 2 0.00176421890501 5153.57805252 4.10052794631e-09 2.39467077613 -2.40867079389 -0.93899903189 0.966042096628 -8.01569102856e-09 -2.76797244002e-10 9.94652509689e-06 -6.86943531036e-06 -5.77419996262e-08 5.58793544769e-09 -135.625 187.75 18
316784 20 316784 316784 0.000368774868548 -3.41060513165e-13 0 2 0.00384829158429 5153.64174843 4.29410743824e-09 1.69065347128 -2.46494399906 -0.118143409101 0.956459301489 -7.94497379719e-09 5.4216544051e-10 1.32489949465e-05 -8.27014446259e-07 5.40167093277e-08 -6.51925802231e-08 -16.4375 117.90625 27
323984 20 323984 323984 0.000368772540241 -3.41060513165e-13 0 2 0.00384811940603 5153.64138222 4.21446126351e-09 2.74095162517 -2.46504291866 -0.118200398538 0.956463802888 -7.83389774186e-09 5.6859511284e-10 1.3267621398e-05 -5.15952706337e-07 -3.35276126862e-08 9.31322574615e-09 -10.84375 119.09375 28
324000 6 324000 324000 -0.000111943576485 -2.91038304567e-11 0 2 0.00326221866999 5153.73537445 3.6033643803e-09 2.43987599077 -0.770813310485 -0.968332777644 0.989372014881 -7.70532095755e-09 -3.92516349881e-10 9.74722206593e-06 -6.45406544209e-06 2.04890966415e-08 2.60770320892e-08 -126.90625 206.1875 102
324000 11 324000 324000 -0.000749901402742 -1.70530256582e-12 0 2 0.00176348199602 5153.57927322 4.02623913759e-09 -2.83811360863 -2.40883555212 -0.939056275875 0.966040273832 -7.94997400547e-09 -3.06084178206e-10 1.01439654827e-05 -6.55092298985e-06 1.30385160446e-08 1.11758708954e-08 -128.0625 184.59375 19
324000 3 324000 324000 0.000598853453994 1.04591890704e-11 0 2 0.00566897273529 5153.62977791 3.73979863477e-09 0.975748730708 1.15987095063 0.067025174679 0.98726034091 -7.70996400809e-09 5.60737642688e-10 1.15670263767e-05 6.12810254097e-07 7.45058059692e-09 -1.04308128357e-07 14.40625 168.875 77
324000 22 324000 324000 -7.9124700278e-05 -2.95585778076e-12 0 2 0.0138007502537 5153.69473076 4.45911431144e-09 -1.46672291999 -1.09152309612 -2.99063285255 0.960570749364 -8.27748764773e-09 2.4000999738e-10 9.51625406742e-06 7.42264091969e-06 9.685754776e-08 -2.73808836937e-07 144.28125 199.78125 50
324000 9 324000 324000 0.000442107208073 1.70530256582e-11 0 2 0.00318748666905 5153.55385017 5.20093092536e-09 -1.41179805131 2.01477199209 1.08280927725 0.959559843713 -8.45178062202e-09 2.10008747707e-10 4.7292560339e-06 2.34693288803e-07 -3.72529029846e-09 -5.21540641785e-08 2.84375 293.90625 56
324000 19 324000 324000 0.000562337227166 4.43378667114e-12 0 2 0.00999268644955 5153.74629593 4.89341811622e-09 -0.131765781877 2.6776930125 -1.92903814327 0.965367167669 -8.76036490436e-09 -1.84650548579e-10 1.43982470036e-06 -6.42612576485e-07 -1.62050127983e-07 1.02445483208e-07 -9.5625 358.4375 86
324000 17 324000 324000 0.000559990759939 -1.44382283906e-11 0 2 0.0135263928678 5153.57075119 4.78055627221e-09 -2.00168244481 -1.27346118667 -1.97328926321 0.966180867574 -8.48571060676e-09 -1.27148153374e-10 1.0821968317e-06 4.28408384323e-07 2.60770320892e-07 5.21540641785e-08 4.0625 363.875 39
324000 14 324000 324000 0.000539017375559 8.07176547823e-12 0 2 0.00501308415551 5153.70643425 4.82698677766e-09 0.686789795757 -2.85979275696 -3.05867316803 0.945165056044 -8.32248952224e-09 1.0643300479e-10 9.60379838943e-06 6.68503344059e-06 1.02445483208e-07 5.96046447754e-08 127.90625 183.90625 169
324000 30 324000 324000 -0.00028265081346 7.73070496507e-12 0 2 0.00715146737639 5153.78015709 5.32022160858e-09 1.41139241192 -2.4626998564 2.15398688115 0.935355164817 -8.43820862812e-09 -6.06810990399e-10 1.06804072857e-05 -1.47894024849e-06 1.6950070858e-07 -5.58793544769e-08 -30.1875 163.4375 121
324000 4 324000 324000 0.000478870701045 6.48014975013e-12 0 2 0.0031486148946 5153.68121719 5.01128016851e-09 -2.2539471899 -3.00100388258 1.14365789769 0.965780835551 -8.34034740895e-09 1.42505935944e-10 4.70876693726e-06 -2.421438694e-07 -1.00582838058e-07 -1.86264514923e-09 -2.28125 296.1875 106
324000 12 324000 324000 -0.000551835168153 -2.50111042988e-12 0 2 0.00883979641367 5153.57587051 4.43732768965e-09 0.841900259657 1.46809835411 -3.01158022146 0.961834009847 -8.23355724642e-09 2.10723063176e-10 1.04289501905e-05 6.91413879395e-06 -3.16649675369e-08 -1.02445483208e-07 134.5625 180 2
324000 5 324000 324000 -0.000192889012396 -1.13686837722e-12 0 2 0.00571031484287 5153.70281219 3.95730769489e-09 -1.62610978602 1.33652293298 0.0135006770088 0.97415327664 -7.71174979676e-09 6.73599486694e-10 1.25914812088e-05 6.96629285812e-07 1.19209289551e-07 1.17346644402e-07 10.15625 138.09375 51
331200 20 331200 331200 0.000368769746274 -3.41060513165e-13 0 2 0.00384816562291 5153.64117432 4.17803117463e-09 -2.48983045191 -2.46491479922 -0.11825644293 0.956467928317 -7.7831813436e-09 5.20021660989e-10 1.29323452711e-05 -5.84870576859e-07 3.72529029846e-09 -5.96046447754e-08 -11.34375 126.40625 29
331200 6 331200 331200 -0.000112153589725 -2.91038304567e-11 0 2 0.00326442054939 5153.73099136 3.73479842649e-09 -2.79287843343 -0.771105118755 -0.968388175426 0.989369055398 -7.73175062988e-09 -4.11445709794e-10 9.18284058571e-06 -5.94183802605e-06 5.77419996262e-08 4.65661287308e-08 -113.59375 219.375 109
331200 11 331200 331200 -0.000749913509935 -1.70530256582e-12 0 2 0.00176512368489 5153.57360077 4.18160275197e-09 -1.78934016209 -2.40737259746 -0.939113135112 0.966037830759 -7.95425989828e-09 -3.78587198248e-10 9.29459929466e-06 -6.21937215328e-06 -7.264316082e-08 2.79396772385e-08 -120.4375 206.34375 20
331200 12 331200 331200 -0.000551853328943 -2.50111042988e-12 0 2 0.00883947487455 5153.57619095 4.37696803257e-09 1.89211342239 1.46812574579 -3.01163910245 0.961836795243 -7.98676125209e-09 2.58582199558e-10 9.9390745163e-06 6.91600143909e-06 -1.80676579475e-07 1.00582838058e-07 138.4375 184.0625 3
331200 22 331200 331200 -7.9145655036e-05 -2.95585778076e-12 0 2 0.0137990866788 5153.6880455 4.64269338681e-09 -0.416777686315 -1.09129704602 -2.99069343637 0.960572610196 -8.37320592049e-09 2.98226708054e-10 9.09715890884e-06 6.2920153141e-06 -7.264316082e-08 -1.62050127983e-07 120.21875 208.5 66
331200 4 331200 331200 0.000478917267174 6.48014975013e-12 0 2 0.00314850115683 5153.68050575 4.92734810097e-09 -1.20389389046 -3.00087739575 1.14359734459 0.965782194602 -8.35391940285e-09 2.25723688012e-10 4.15369868279e-06 -1.49011611938e-07 -3.72529029846e-09 4.47034835815e-08 0.28125 298.90625 107
331200 9 331200 331200 0.000442229676992 1.70530256582e-11 0 2 0.00318781321403 5153.55497742 5.08128308441e-09 -0.361381869188 2.0146142076 1.08274803072 0.95956144122 -8.48249618716e-09 2.53939149013e-10 4.51691448689e-06 6.89178705215e-08 -5.58793544769e-09 9.31322574615e-09 6.78125 291.96875 58
331200 19 331200 331200 0.000562369357795 4.43378667114e-12 0 2 0.00999346433673 5153.74819565 4.9005612709e-09 0.918303252708 2.67776311993 -1.92910086588 0.965366229938 -8.65036032223e-09 -2.13937482783e-10 6.63101673126e-07 -4.86150383949e-07 -3.53902578354e-08 2.29105353355e-07 -5.375 365.875 87
331200 17 331200 331200 0.000559886917472 -1.44382283906e-11 0 2 0.0135267105652 5153.57030869 4.94734893408e-09 -0.951455088838 -1.27344114176 -1.97335249492 0.966178777064 -8.83536802854e-09 -2.85726187357e-11 1.42678618431e-06 4.45172190666e-07 -3.35276126862e-08 -1.65775418282e-07 6.8125 359.09375 130
331200 14 331200 331200 0.00053907558322 8.07176547823e-12 0 2 0.00501294562127 5153.70773315 4.83305845914e-09 1.7367964954 -2.85963608428 -3.05873315059 0.945165829928 -8.29463121897e-09 1.39648674071e-10 1.00582838058e-05 6.47455453873e-06 1.58324837685e-07 -3.72529029846e-08 122.625 178.21875 170
331200 5 331200 331200 -0.0001928973943 -1.13686837722e-12 0 2 0.0057107238099 5153.70494461 3.892662145e-09 -0.575765766727 1.33633698293 0.013444654561 0.974157682949 -7.80889670046e-09 6.69313593883e-10 1.2518838048e-05 7.13393092155e-07 1.32247805595e-07 -1.86264514923e-08 12.3125 146.1875 52
331200 13 331200 331200 0.000685884151608 1.5916157281e-12 0 2 0.00875805097166 5153.67729378 4.86555981295e-09 -1.20283629432 0.974379753914 1.25127180324 0.972031302263 -8.28355932921e-09 1.89293599124e-11 4.63798642159e-06 -5.58793544769e-07 1.210719347e-07 1.32247805595e-07 -14.8125 294.0625 64
331200 25 331200 331200 0.000499027781188 -2.27373675443e-13 0 2 0.0120419021696 5153.7181263 4.68233789531e-09 1.7049206252 1.0984066143 -3.10007597769 0.949901147996 -8.17426906255e-09 2.43938732456e-10 1.16061419249e-05 6.88247382641e-06 -2.10478901863e-07 -2.38418579102e-07 136.3125 149.09375 110
331184 15 331184 331184 0.000227396376431 4.54747350886e-12 0 2 0.0161579340929 5153.71443176 5.50380068396e-09 -1.90500155366 1.37691830119 0.950461871329 0.936794461158 -8.48892502637e-09 4.27517807833e-10 4.08105552197e-06 1.41747295856e-06 1.00582838058e-07 2.71946191788e-07 22.125 279.375 37
331200 30 331200 331200 -0.000282594934106 7.73070496507e-12 0 2 0.0071509409463 5153.78259468 5.15771483953e-09 2.46134599155 -2.46253258781 2.1539261364 0.935352202408 -8.20177020808e-09 -4.8859178038e-10 1.03712081909e-05 -1.9334256649e-06 -1.02445483208e-07 -8.38190317154e-08 -37.8125 169.09375 122
331200 7 331200 331200 -2.0363368094e-05 2.27373675443e-12 0 2 0.0188376336591 5153.59524727 4.73769734411e-09 2.6083233931 -2.09451793875 2.15585369043 0.950191303167 -7.78603860547e-09 -5.36093759028e-10 1.07362866402e-05 -2.38977372646e-06 -2.49594449997e-07 6.14672899246e-08 -44.625 166.25 44
331184 13 331184 331184 0.000685884151608 1.5916157281e-12 0 2 0.0087580474792 5153.67728043 4.86555981295e-09 -1.20516999098 0.974379750988 1.25127195392 0.972031294948 -8.28355932921e-09 1.89293599124e-11 4.63798642159e-06 -5.58793544769e-07 1.210719347e-07 1.32247805595e-07 -14.8125 294.0625 127
331200 29 331200 331200 -0.000564027111977 2.84217094304e-12 0 2 0.0028775499668 5153.74290657 4.82127225391e-09 -0.99236393105 2.67603986533 -1.95789631191 0.968659975365 -8.63785980153e-09 -8.64321716755e-11 8.45640897751e-07 3.05473804474e-07 -1.67638063431e-08 -6.89178705215e-08 6.96875 366.96875 41
338400 20 338400 338400 0.000368767417967 -3.41060513165e-13 0 2 0.00384923897218 5153.63826561 4.29410743824e-09 -1.43994920334 -2.46459624149 -0.118311821694 0.956471012148 -7.84782689349e-09 3.69301097159e-10 1.23735517263e-05 -6.64964318275e-07 -9.685754776e-08 1.08033418655e-07 -12.03125 139.90625 32
338400 6 338400 338400 -0.000112363137305 -2.91038304567e-11 0 2 0.00326311739627 5153.73401833 3.75337062867e-09 -1.74242935614 -0.771415236907 -0.968444335388 0.989365594134 -7.84675542029e-09 -3.99302346831e-10 8.54395329952e-06 -6.06290996075e-06 1.30385160446e-08 -6.51925802231e-08 -116.375 231.78125 110
338400 11 338400 338400 -0.000749925617129 -1.70530256582e-12 0 2 0.00176605000161 5153.57530785 4.27446376286e-09 -0.738725514654 -2.40774711619 -0.939170398114 0.966034338773 -8.08319384033e-09 -4.42518432669e-10 8.62590968609e-06 -6.44475221634e-06 7.264316082e-08 3.72529029846e-08 -121.25 218.53125 21
338400 12 338400 338400 -0.000551871489733 -2.50111042988e-12 0 2 0.00884021155071 5153.5751152 4.41518391013e-09 2.94235709136 1.46812124 -3.0116960714 0.961838759942 -7.92425864861e-09 2.45010205659e-10 9.62801277637e-06 6.91413879395e-06 -6.14672899246e-08 1.43423676491e-07 133.8125 190.625 12
338384 13 338384 338384 0.00068589579314 1.5916157281e-12 0 2 0.00875886587892 5153.67917442 4.82734393539e-09 -0.15492528334 0.974315770266 1.2512116378 0.972030929218 -8.4057072743e-09 2.71439877989e-11 4.63984906673e-06 -4.71249222755e-07 9.12696123123e-08 -1.11758708954e-08 -10 299.21875 128
338400 19 338400 338400 0.000562401954085 4.43378667114e-12 0 2 0.00999403069727 5153.75169182 4.89806116677e-09 1.96826079245 2.67794202164 -1.92916269172 0.96536466169 -8.59857245077e-09 -2.23937899341e-10 8.06525349617e-07 5.43892383575e-07 1.02445483208e-07 1.97440385818e-07 8.78125 365.40625 89
338400 15 338400 338400 0.000227428972721 4.54747350886e-12 0 2 0.0161578167463 5153.7135582 5.6148767393e-09 -0.852531646679 1.37694570457 0.950399156031 0.936795514459 -8.92108588475e-09 4.03945397376e-10 4.87826764584e-06 1.48639082909e-06 2.10478901863e-07 -1.39698386192e-07 21.875 276.15625 38
338400 5 338400 338400 -0.000192906241864 -1.13686837722e-12 0 2 0.00570887641516 5153.70141983 3.94552148966e-09 0.47436626111 1.33636292339 0.013389760023 0.974161985391 -7.74782272792e-09 4.58947688442e-10 1.21146440506e-05 3.35276126862e-07 -7.264316082e-08 -1.86264514923e-07 4.46875 156.8125 53
338400 29 338400 338400 -0.000564006622881 2.84217094304e-12 0 2 0.00287776917685 5153.74354362 4.82520098899e-09 0.0578848961668 2.67593138264 -1.95795850056 0.968659302422 -8.63143096232e-09 -9.57182727646e-11 9.96515154839e-07 1.49011611938e-07 -5.58793544769e-08 -5.02914190292e-08 5.46875 363.71875 42
338400 25 338400 338400 0.000499025452882 -2.27373675443e-13 0 2 0.0120410163654 5153.7206459 4.50518765915e-09 2.75498798767 1.09849267485 -3.10013344112 0.949904075295 -7.89782897628e-09 2.27866634417e-10 1.1021271348e-05 7.07246363163e-06 -1.32247805595e-07 7.63684511185e-08 141.0625 158.0625 111
338400 7 338400 338400 -2.03466042876e-05 2.27373675443e-12 0 2 0.0188381556654 5153.5942688 4.71662503779e-09 -2.62461853623 -2.09452999466 2.15579698041 0.950187580041 -7.82889753358e-09 -4.28232123301e-10 1.05928629637e-05 -2.81259417534e-06 -1.4528632164e-07 2.1792948246e-07 -49.5 164.96875 125
338400 30 338400 338400 -0.000282539054751 7.73070496507e-12 0 2 0.00715237448458 5153.7799263 5.1470001075e-09 -2.77170860003 -2.46254375426 2.15386721591 0.935348776254 -8.18355516363e-09 -4.78591363823e-10 1.05630606413e-05 -2.62260437012e-06 -9.685754776e-08 -1.49011611938e-08 -47.78125 165.8125 123
338400 24 338400 338400 -0.000480412505567 2.16004991671e-12 0 2 0.016286596423 5153.68960762 5.26879089486e-09 -1.73683845921 1.03034025449 2.05576041705 0.933855918093 -8.17641200895e-09 -4.22517599554e-10 9.01706516743e-06 -1.81049108505e-06 1.11758708954e-08 3.20374965668e-07 -33.78125 184.46875 62
338400 18 338400 338400 -0.000660288147628 -4.54747350886e-13 0 2 0.0048055825755 5153.73243141 3.96016495677e-09 -1.87114182171 -2.94892711058 -0.966790965856 0.974247057003 -7.91532970525e-09 -4.05731186047e-10 9.64663922787e-06 -7.03893601894e-06 -4.09781932831e-08 -7.45058059692e-09 -134.40625 199.28125 231
338400 23 338400 338400 0.000362616498023 7.95807864051e-12 0 2 0.00489540351555 5153.62466049 3.68193908183e-09 -2.9918099413 -2.91004657795 0.0345899972465 0.982029396438 -7.54281418849e-09 6.5967033506e-10 1.29677355289e-05 4.93600964546e-07 -1.86264514923e-09 -1.86264514923e-08 8.21875 140.0625 1
345600 20 345600 345600 0.000368765089661 -3.41060513165e-13 0 2 0.00384938542265 5153.6398468 4.30446501253e-09 -0.389503062126 -2.46484258227 -0.118368522936 0.956473066085 -7.94997400547e-09 3.29656588663e-10 1.23381614685e-05 -1.06170773506e-06 3.72529029846e-08 7.82310962677e-08 -20.9375 142.125 33
345600 24 345600 345600 -0.000480397138745 2.16004991671e-12 0 2 0.0162871867651 5153.69283485 5.34057959943e-09 -0.686564229882 1.03024147241 2.05570052665 0.933850517 -8.64714590262e-09 -5.04663878419e-10 8.99471342564e-06 -1.76578760147e-06 3.09199094772e-07 -4.09781932831e-08 -38.3125 195.96875 65
345600 11 345600 345600 -0.000749937258661 -1.70530256582e-12 0 2 0.00176544429269 5153.57439613 4.35518141079e-09 0.311802653844 -2.40803615955 -0.939228897282 0.966031029653 -8.12533845296e-09 -4.32518016111e-10 8.2291662693e-06 -6.68317079544e-06 2.98023223877e-08 0 -129 224.84375 22
345600 18 345600 345600 -0.000660291407257 -4.54747350886e-13 0 2 0.00480506150052 5153.72567558 4.13695803519e-09 -0.821736425283 -2.94818876266 -0.966847662709 0.974243780067 -7.96676041898e-09 -4.78591363823e-10 8.7209045887e-06 -6.34789466858e-06 -3.53902578354e-08 1.02445483208e-07 -118.40625 219.625 232
345600 30 345600 345600 -0.000282482709736 7.84439180279e-12 0 2 0.00715246726759 5153.77981949 5.05806783168e-09 -1.72158625964 -2.46254590475 2.1538083949 0.935345291583 -8.20855620503e-09 -5.13592821774e-10 1.01309269667e-05 -2.69897282124e-06 -1.41561031342e-07 7.07805156708e-08 -48.96875 165.9375 124
345600 13 345600 345600 0.000685906969011 1.5916157281e-12 0 2 0.0087590633193 5153.67940521 4.77055585566e-09 0.897607698815 0.974295495684 1.25115137582 0.972030942385 -8.38463496799e-09 -3.00012496725e-11 4.4722110033e-06 -4.13507223129e-07 4.28408384323e-08 -7.07805156708e-08 -6.5 299.9375 129
345600 15 345600 345600 0.000227461569011 4.54747350886e-12 0 2 0.0161586335162 5153.71517181 5.52701593668e-09 0.197643149568 1.37693441523 0.950335249918 0.936798294003 -8.91001399499e-09 3.06798493674e-10 5.05521893501e-06 1.46217644215e-06 4.09781932831e-08 -2.62632966042e-07 26.1875 272.09375 49
345600 29 345600 345600 -0.000563986133784 2.84217094304e-12 0 2 0.00287817209028 5153.74483681 4.82198656938e-09 1.10780932422 2.67614732105 -1.9580204054 0.968658866473 -8.57714298672e-09 -9.42896418278e-11 6.25848770142e-07 4.67523932457e-07 -6.33299350739e-08 1.11758708954e-08 10.875 367.25 48
345600 5 345600 345600 -0.000192914623767 -1.13686837722e-12 0 2 0.00570986606181 5153.70511818 3.94337854326e-09 1.52422978789 1.33665816221 0.0133340184554 0.974165013632 -7.74746557018e-09 4.10731394325e-10 1.2094154954e-05 -6.03497028351e-07 -1.49011611938e-07 -5.58793544769e-08 -9.53125 157.46875 55
345600 23 345600 345600 0.000362673774362 7.95807864051e-12 0 2 0.00489602913149 5153.62246895 3.67051003433e-09 -1.94182615681 -2.90982578997 0.0345363681326 0.982034108497 -7.48102590047e-09 5.7538110979e-10 1.26045197248e-05 9.685754776e-08 1.86264514923e-09 -1.43423676491e-07 1.75 148.6875 2
345600 12 345600 345600 -0.000551889650524 -2.50111042988e-12 0 2 0.00884022412356 5153.57534027 4.43268463911e-09 -2.29053983276 1.46807420426 -3.01175363284 0.961841031854 -7.90675791963e-09 3.54300472323e-10 9.6969306469e-06 6.6626816988e-06 7.63684511185e-08 9.12696123123e-08 127.9375 192.375 14
