432000 28 432000 432000 -0.000525359530002 -1.00044417195e-11 0 2 0.000436694477685 5153.79229736 4.3458953097e-09 -1.02146013548 1.41878284877 1.24719607982 0.96113968552 -7.84889836669e-09 6.10025410007e-10 9.78074967861e-06 1.67638063431e-07 -3.16649675369e-08 3.91155481339e-08 0.875 190.28125 205
431984 25 431984 431984 0.000497305765748 -5.68434188608e-13 0 2 0.0123073863797 5153.67508507 5.3809384234e-09 -0.707086757139 1.10732139423 2.30529515366 0.94886506845 -8.54071289783e-09 -1.00004165575e-11 5.59166073799e-06 3.40864062309e-07 1.99303030968e-07 -3.91155481339e-08 2.09375 269.96875 83
432000 10 432000 432000 -0.000260441098362 -1.5916157281e-11 0 2 0.0101147947134 5153.68214035 4.10731394325e-09 -1.35787063674 -2.33347710598 -0.812148391435 0.987236447069 -8.10605193531e-09 -1.45363197818e-10 1.21630728245e-06 -1.45845115185e-06 9.31322574615e-09 2.75671482086e-07 -28 369.25 31
432000 23 432000 432000 0.000396186951548 7.61701812735e-12 0 2 0.00498790375423 5153.62632561 4.37018203562e-09 -0.181877414553 -2.86571721822 -0.84220989212 0.982329069354 -8.3774918133e-09 -1.81436128972e-10 1.28895044327e-06 -1.26659870148e-06 9.87201929092e-08 4.09781932831e-08 -21.25 365.90625 166
432000 24 432000 432000 -0.000467861071229 3.63797880709e-12 0 2 0.0164143191651 5153.69361496 5.04842457286e-09 1.08923748119 1.04322713204 1.17679579806 0.933911759139 -8.42392231875e-09 4.79662837025e-10 1.07008963823e-05 -6.72414898872e-07 1.00582838058e-07 -2.25380063057e-07 -13.53125 161.75 35
432000 31 432000 432000 -0.000218709465116 7.95807864051e-13 0 2 0.0106968168402 5153.60841179 4.61840666089e-09 -0.841549108115 0.791233456884 1.30019252989 0.95396044723 -8.09890878063e-09 6.11811198678e-10 9.00961458683e-06 8.9593231678e-07 1.28522515297e-07 1.30385160446e-07 11.15625 199.5625 76
432000 12 432000 432000 -0.000562175177038 -2.27373675443e-12 0 2 0.0089927330846 5153.75542068 5.05878214715e-09 -0.525769676783 1.46495625185 2.39435360086 0.960846506497 -8.32534678411e-09 -7.71460705864e-11 6.08339905739e-06 -1.91852450371e-07 8.75443220139e-08 -8.56816768646e-08 -2.84375 269.375 101
431984 26 431984 431984 -3.28714959323e-05 -1.48929757415e-11 0 2 0.00979463558178 5153.74506187 5.66595029529e-09 -1.49397855843 0.603949038593 2.23869301832 0.929582282342 -8.55249910306e-09 1.22862260563e-10 4.593282938e-06 -5.58793544769e-08 -7.45058059692e-08 1.35973095894e-07 1.0625 267.65625 27
432000 18 432000 432000 -0.000659077428281 1.02318153949e-12 0 2 0.00480071036145 5153.71881866 4.23267630796e-09 0.935664383274 -2.93456600221 -1.84486936809 0.974047712471 -8.08855120634e-09 1.03932900651e-10 6.80796802044e-06 6.45220279694e-06 -1.30385160446e-08 3.91155481339e-08 121.96875 251.8125 163
432000 32 432000 432000 -0.000548513140529 6.59383658785e-12 0 2 0.00826285418589 5153.7781601 4.04338270883e-09 -2.64323102351 -2.11375233738 0.220748116371 0.964093384416 -7.67817696975e-09 -7.85747015231e-12 8.88668000698e-06 -6.64591789246e-06 -8.94069671631e-08 1.11758708954e-08 -129.875 209.34375 16
439200 23 439200 439200 0.000396241433918 7.61701812735e-12 0 2 0.00498869607691 5153.62783432 4.42804158856e-09 0.868301729487 -2.86568788379 -0.842270569573 0.982327644472 -8.42356516101e-09 -1.68935608275e-10 1.03004276752e-06 -8.06525349617e-07 4.28408384323e-08 3.72529029846e-09 -16.5 369.59375 167
439200 10 439200 439200 -0.000260555651039 -1.5916157281e-11 0 2 0.0101146099623 5153.68081474 4.33946647048e-09 -0.307770866246 -2.33340245181 -0.812207954144 0.987233636804 -8.46642408912e-09 -1.69649923743e-10 1.37276947498e-06 -1.15297734737e-06 1.13621354103e-07 -6.51925802231e-08 -22.09375 365.0625 32
439200 18 439200 439200 -0.000659069977701 1.02318153949e-12 0 2 0.00480148766655 5153.72045326 4.25374861428e-09 1.9856514096 -2.93440269082 -1.84492822713 0.974048941322 -8.06319300721e-09 2.33581158164e-10 7.45616853237e-06 6.83590769768e-06 1.24797224998e-07 -4.09781932831e-08 130.84375 243.71875 164
439200 12 439200 439200 -0.000562191475183 -2.27373675443e-12 0 2 0.00899312633555 5153.75618172 4.94520598768e-09 0.524360481444 1.4649599779 2.39429424296 0.960845615579 -8.31677499849e-09 -1.85007706314e-10 5.85429370403e-06 -3.22237610817e-07 -4.65661287308e-08 -1.09896063805e-07 -2.8125 266.625 102
439200 25 439200 439200 0.000497302040458 -5.68434188608e-13 0 2 0.0123076782329 5153.67562866 5.26521931752e-09 0.345428702183 1.10732533972 2.30523386471 0.948864906066 -8.51606901417e-09 -9.14323799542e-11 5.59911131859e-06 4.47034835815e-08 1.06170773506e-07 -1.84401869774e-07 3.46875 268.03125 85
439184 26 439184 439184 -3.29781323671e-05 -1.48929757415e-11 0 2 0.00979418633506 5153.74340057 5.70452333058e-09 -0.443908420808 0.604024832379 2.23863125392 0.929582175549 -8.73393523203e-09 5.96453416107e-11 5.04776835442e-06 4.76837158203e-07 1.09896063805e-07 8.00937414169e-08 5.71875 263.6875 28
439200 31 439200 439200 -0.00021870341152 7.95807864051e-13 0 2 0.0106950681657 5153.60494614 4.60447750926e-09 0.208628306755 0.791278346525 1.30013437598 0.9539648038 -8.07533637017e-09 5.62166273625e-10 9.54791903496e-06 2.01165676117e-07 2.06753611565e-07 -9.31322574615e-09 -0.03125 193.125 77
439200 28 439200 439200 -0.000525431707501 -1.00044417195e-11 0 2 0.000436211121269 5153.79092979 4.35410993758e-09 0.0272017225924 1.42022884673 1.24713994473 0.96114406696 -7.81246827781e-09 5.75738267524e-10 9.99122858047e-06 -1.37835741043e-07 0 -5.58793544769e-09 -5.46875 187 206
439200 32 439200 439200 -0.000548465643078 6.59383658785e-12 0 2 0.0082632714184 5153.77746201 4.18160275197e-09 -1.59313784493 -2.1137316444 0.220693654857 0.964092260895 -7.84639826255e-09 -2.08937274505e-10 8.73208045959e-06 -6.74463808537e-06 -5.58793544769e-09 3.20374965668e-07 -130.15625 214.09375 64
439200 24 439200 439200 -0.000467834528536 3.63797880709e-12 0 2 0.0164148480399 5153.69061852 4.92627662777e-09 2.13950598319 1.0431317688 1.17673534005 0.933917408929 -8.0171196595e-09 6.23597403906e-10 1.10641121864e-05 -5.69969415665e-07 -3.16649675369e-07 -5.40167093277e-08 -8.03125 149.75 36
439184 12 439184 439184 -0.000562191009521 -2.27373675443e-12 0 2 0.00899312680122 5153.75617981 4.94484882994e-09 0.522026812581 1.46495997936 2.39429439218 0.96084562582 -8.31677499849e-09 -1.84650548579e-10 5.85429370403e-06 -3.24100255966e-07 -4.65661287308e-08 -1.09896063805e-07 -2.8125 266.625 7
439184 29 439184 439184 -0.000550535973161 3.29691829393e-12 0 2 0.00288610847201 5153.72528267 4.27124934325e-09 -2.33043345956 2.64452634092 -2.83570371442 0.968482355166 -7.72460747519e-09 -4.27874965567e-10 1.14310532808e-05 1.9334256649e-06 -2.23517417908e-08 -3.35276126862e-08 35.84375 166.75 7
439200 16 439200 439200 -8.74167308211e-05 9.43600753089e-12 0 2 0.0144641309744 5153.66206551 4.90091842864e-09 -1.25482969315 0.865886071379 2.41188446065 0.960220368781 -8.17569769348e-09 -6.50027076237e-11 5.12599945068e-06 1.35973095894e-07 1.06170773506e-07 3.07336449623e-07 -1.90625 273.1875 102
439200 3 439200 439200 0.000638338271528 7.95807864051e-12 0 2 0.00566726748366 5153.60288429 4.19946063868e-09 0.715538571774 1.14540361978 -0.809684057654 0.98761217856 -8.30927468607e-09 -1.62506769059e-10 1.62236392498e-06 -1.62795186043e-06 7.45058059692e-08 -1.30385160446e-08 -30.8125 361.34375 39
446400 10 446400 446400 -0.000260670669377 -1.5916157281e-11 0 2 0.0101147869136 5153.68108559 4.39089718421e-09 0.742418702548 -2.33341692153 -0.812268947588 0.987232390397 -8.4714242974e-09 -1.79650340301e-10 1.42119824886e-06 -8.79168510437e-07 7.63684511185e-08 -8.75443220139e-08 -19.96875 367 33
446400 3 446400 446400 0.000638395082206 7.95807864051e-12 0 2 0.0056665004231 5153.59886551 4.23053336155e-09 1.76611143827 1.14505447243 -0.809744091423 0.987611814293 -8.18534095231e-09 -6.78599694973e-11 1.59814953804e-06 -9.96515154839e-07 -6.14672899246e-08 -1.11758708954e-07 -15.65625 361.625 51
446400 25 446400 446400 0.000497297849506 -5.68434188608e-13 0 2 0.0123080705525 5153.67683601 5.20807408005e-09 1.39557358176 1.10736502723 2.30517256259 0.948864091221 -8.47178145513e-09 -1.08575951196e-10 5.66057860851e-06 -1.28522515297e-07 -5.77419996262e-08 -2.27242708206e-07 0.15625 265.28125 89
446400 26 446400 446400 -3.30857001245e-05 -1.48929757415e-11 0 2 0.00979454012122 5153.74410248 5.6295202064e-09 0.608558811957 0.604037463213 2.23856889996 0.929582645146 -8.65500337277e-09 -2.46438836595e-11 5.15207648277e-06 5.5693089962e-07 1.6950070858e-07 -7.264316082e-08 8.4375 262.78125 29
446400 31 446400 446400 -0.000218697823584 7.95807864051e-13 0 2 0.0106963678263 5153.60881996 4.58233372974e-09 1.25870231526 0.791426582551 1.30007705153 0.953968298712 -8.04069206996e-09 4.31803700643e-10 1.05351209641e-05 1.67638063431e-08 5.40167093277e-08 -1.210719347e-07 -3.375 178.46875 78
446400 28 446400 446400 -0.000525503885001 -1.00044417195e-11 0 2 0.000437031500041 5153.79233742 4.39732602342e-09 1.07709172819 1.42044596133 1.24708392813 0.961147931989 -7.84961268216e-09 5.18950187787e-10 1.04941427708e-05 -2.79396772385e-07 -3.72529029846e-09 7.264316082e-08 -5.75 179.5 207
446400 32 446400 446400 -0.000548418145627 6.59383658785e-12 0 2 0.00826280610636 5153.77589035 4.39946896983e-09 -0.543105068769 -2.11364829611 0.220636094882 0.964089137565 -8.17676916669e-09 -2.36795577772e-10 9.01333987713e-06 -6.76512718201e-06 1.09896063805e-07 9.31322574615e-09 -130.625 208.125 81
446400 29 446400 446400 -0.000550511758775 3.29691829393e-12 0 2 0.0028857414145 5153.72597694 4.20481800469e-09 -1.27785100591 2.64442450427 -2.8357599446 0.968479265483 -7.77425240025e-09 -3.76087094108e-10 1.11758708954e-05 1.75833702087e-06 -5.40167093277e-08 4.28408384323e-08 39 170.78125 49
446400 16 446400 446400 -8.73482786119e-05 9.43600753089e-12 0 2 0.0144639019854 5153.66128159 4.95199198463e-09 -0.204662526021 0.865910292914 2.41182448978 0.960218698129 -8.42892252703e-09 -8.32177520677e-11 5.70341944695e-06 1.35973095894e-07 1.99303030968e-07 2.23517417908e-08 -1.03125 270.15625 103
446384 27 446384 446384 -3.35280783474e-05 4.54747350886e-13 0 2 0.0131294766907 5153.6833477 4.50911639423e-09 -1.1313086323 0.805496005536 -2.92107856169 0.959232385593 -7.93211611876e-09 -4.66090843126e-10 1.02669000626e-05 9.87201929092e-07 9.87201929092e-08 3.16649675369e-07 16.84375 177.9375 58
446400 4 446400 446400 0.000506008509547 6.02540239925e-12 0 2 0.00323692872189 5153.68239212 4.11338562474e-09 -1.5347296103 -2.96630309854 0.266328658732 0.967001405159 -7.80175354578e-09 -1.1571910588e-10 8.94814729691e-06 -6.32368028164e-06 -1.02445483208e-07 -5.40167093277e-08 -119.96875 210.46875 39
446400 8 446400 446400 0.000452814623713 8.18545231596e-12 0 2 0.010280449409 5153.72882843 4.69126683867e-09 -1.2163377379 0.397730374427 -2.94942942545 0.950170819389 -8.00569061201e-09 -4.13945813933e-10 9.89250838757e-06 3.25962901115e-07 -1.71363353729e-07 1.89989805222e-07 8.8125 178.3125 4
448176 18 448176 448176 -0.000659060198814 1.02318153949e-12 0 2 0.00480077264365 5153.72120476 4.14088677027e-09 -2.98826221867 -2.9344864458 -1.84500023489 0.974052006136 -7.92140138673e-09 2.9536944618e-10 7.15255737305e-06 7.09109008312e-06 -2.98023223877e-08 -3.53902578354e-08 137.09375 252.4375 166
453600 4 453600 453600 0.000506051350385 6.02540239925e-12 0 2 0.00323764153291 5153.68489838 4.16124476112e-09 -0.484210318789 -2.96665079028 0.266272827926 0.966999636491 -7.93818780024e-09 -2.41438628317e-10 8.97981226444e-06 -6.85267150402e-06 1.30385160446e-08 1.09896063805e-07 -129.5625 209.59375 40
453600 27 453600 453600 -3.35248187184e-05 4.54747350886e-13 0 2 0.0131303257076 5153.6852684 4.5119736561e-09 -0.0787600174023 0.805455608516 -2.92113669659 0.959228156297 -8.11676666734e-09 -4.85377360772e-10 1.02464109659e-05 1.12690031528e-06 1.65775418282e-07 5.21540641785e-08 20.1875 184.15625 64
453600 3 453600 453600 0.000638452358544 7.95807864051e-12 0 2.8 0.00566632999107 5153.59938049 4.26053461123e-09 2.81629672218 1.14509367279 -0.809803057262 0.987611382733 -8.19105547605e-09 -4.25017703693e-11 1.40070915222e-06 -8.475035429e-07 -1.37835741043e-07 -4.842877388e-08 -14.71875 363.53125 52
453600 26 453600 453600 -3.31923365593e-05 -1.48929757415e-11 0 2 0.00979470077436 5153.7446785 5.66452166435e-09 1.65867836988 0.604063494378 2.23850692051 0.929582106792 -8.63357390872e-09 -8.64321716755e-11 5.46872615814e-06 4.41446900368e-07 4.65661287308e-08 -1.34110450745e-07 8.28125 260.625 30
453600 31 453600 453600 -0.000218692235649 7.95807864051e-13 0 2 0.0106969267363 5153.60654449 4.64126475588e-09 2.30902911162 0.791321656215 1.30001913168 0.953972222258 -7.88818571745e-09 4.92520515456e-10 1.07195228338e-05 -7.07805156708e-08 -1.24797224998e-07 -7.45058059692e-08 2.59375 170.4375 91
453600 8 453600 453600 0.000452873762697 8.18545231596e-12 0 2 0.010280661867 5153.7292347 4.72019661514e-09 -0.166181643595 0.3977225405 -2.94948736139 0.950166742236 -8.19641284207e-09 -4.83234414367e-10 1.00117176771e-05 5.42029738426e-07 3.16649675369e-08 1.47148966789e-07 8.90625 180.21875 5
453600 28 453600 453600 -0.0005255760625 -1.00044417195e-11 0 2 0.000436677946709 5153.79063797 4.48054377549e-09 2.12929525241 1.41835124405 1.24702722982 0.961151315719 -7.91497254752e-09 5.04306720685e-10 1.06766819954e-05 4.28408384323e-08 5.21540641785e-08 2.23517417908e-08 1.34375 174.5 208
453600 32 453600 453600 -0.000548370648175 6.59383658785e-12 0 2 0.0082645972725 5153.77930641 4.35803867266e-09 0.507004591051 -2.1136416135 0.220577556215 0.964087365971 -8.14926802115e-09 -2.8429755642e-10 9.42684710026e-06 -6.12437725067e-06 9.12696123123e-08 -6.70552253723e-08 -119.78125 201.4375 82
453600 29 453600 453600 -0.000550488010049 3.29691829393e-12 0 2 0.0028859495651 5153.72579575 4.13481508879e-09 -0.227832803339 2.6445533537 -2.83581600216 0.968476680507 -7.78032408173e-09 -3.56800576462e-10 1.07064843178e-05 1.70804560184e-06 -5.58793544769e-09 5.40167093277e-08 34.5625 175.125 50
453600 16 453600 453600 -8.7280292064e-05 9.43600753089e-12 0 2 0.0144642973319 5153.66210747 4.90091842864e-09 0.845517921478 0.865920313903 2.41176531182 0.960217624347 -8.33248993879e-09 -2.97155234851e-10 5.93066215515e-06 2.04890966415e-07 5.58793544769e-08 -2.16066837311e-07 0.71875 267.84375 108
453600 18 453600 453600 -0.000659054610878 1.02318153949e-12 0 2 0.00480245880317 5153.7173748 4.18017412103e-09 -2.19740210433 -2.93423336097 -1.84504337781 0.974053581699 -7.94354516626e-09 3.13941648358e-10 7.09109008312e-06 6.13927841187e-06 -5.77419996262e-08 -7.45058059692e-09 121.375 253.90625 167
453600 9 453600 453600 0.000513535924256 1.54614099301e-11 0 2 0.00319601420779 5153.79548836 4.35268130665e-09 0.40432409731 2.03302140944 0.205095526366 0.960798770017 -8.04962101331e-09 -2.34295473633e-10 8.39494168758e-06 -6.75581395626e-06 -6.70552253723e-08 3.16649675369e-08 -128.25 217.90625 101
453584 9 453584 453584 0.000513536389917 1.54614099301e-11 0 2 0.0031960188644 5153.79548454 4.35268130665e-09 0.401992422404 2.03301954715 0.205095656566 0.960798777331 -8.04962101331e-09 -2.34295473633e-10 8.39494168758e-06 -6.75581395626e-06 -6.70552253723e-08 3.16649675369e-08 -128.25 217.90625 21
457184 28 457184 457184 -0.00052561191842 -1.00044417195e-11 0 2 0.000435963855125 5153.7924366 4.44661379074e-09 2.65046830015 1.41989881534 1.24699900866 0.961153163384 -7.89604318761e-09 4.90377569051e-10 1.05742365122e-05 4.45172190666e-07 8.00937414169e-08 3.72529029846e-09 8.8125 176.40625 209
453600 21 453600 453600 9.97669994831e-05 1.5916157281e-12 0 2 0.0258748070337 5153.62124443 4.56447584303e-09 -0.33458275628 -0.4669828214 -1.95778142603 0.960676796296 -8.418207795e-09 2.79654505876e-10 8.39121639729e-06 5.42588531971e-06 -4.76837158203e-07 2.06753611565e-07 106.625 220.71875 46
453600 7 453600 453600 -1.39931216836e-05 6.8212102633e-13 0 2 0.0189098066185 5153.76128197 4.54268922124e-09 -2.92691799377 -2.08579256136 1.2775762304 0.950078051364 -7.62031741681e-09 5.38951020902e-10 1.00955367088e-05 -3.18512320518e-07 -2.08616256714e-07 2.06753611565e-07 -4.09375 175.40625 117
460800 4 460800 460800 0.000506094656885 6.02540239925e-12 0 2 0.00323673675302 5153.68320465 4.29196449183e-09 0.56592296862 -2.96661135148 0.266215292821 0.966997564999 -8.01319092442e-09 -2.40367155114e-10 9.11764800549e-06 -6.75022602081e-06 1.30385160446e-08 2.421438694e-08 -130.0625 202.625 41
460784 9 460784 460784 0.000513647217304 1.54614099301e-11 0 2 0.00319603667594 5153.79442215 4.41875548747e-09 1.45232192955 2.0327952467 0.205037686974 0.960797029144 -8.05497837932e-09 -2.40724312848e-10 8.51042568684e-06 -7.00913369656e-06 -5.21540641785e-08 5.02914190292e-08 -133.03125 211.78125 22
460800 27 460800 460800 -3.35215590894e-05 4.54747350886e-13 0 2 0.0131312628509 5153.68727684 4.4305416927e-09 0.971378998794 0.805489036194 -2.92119423608 0.959224330766 -8.05926427213e-09 -6.05739517197e-10 1.04941427708e-05 1.28708779812e-06 9.685754776e-08 -9.12696123123e-08 24.4375 178.4375 77
460800 21 460800 460800 9.97791066766e-05 1.5916157281e-12 0 2 0.0258754917886 5153.62270355 4.54876090272e-09 0.715617247508 -0.466969760468 -1.95784181528 0.960678977507 -8.29891711178e-09 1.92865176466e-10 7.77095556259e-06 5.39049506187e-06 -2.01165676117e-07 5.73694705963e-07 106.5625 226.40625 47
460800 7 460800 460800 -1.39884650707e-05 6.8212102633e-13 0 2 0.018909618957 5153.76122856 4.56090426568e-09 -1.87680376233 -2.08577960576 1.27752125979 0.950082132906 -7.66889086866e-09 5.50022910662e-10 1.01458281279e-05 -7.45058059692e-08 -1.00582838058e-07 3.52039933205e-07 0.21875 173.6875 118
460800 26 460800 460800 -3.32994386554e-05 -1.48929757415e-11 0 2 0.00979424326215 5153.74601936 5.576303704e-09 2.70876676911 0.604120450167 2.23844496886 0.929582389135 -8.46570977365e-09 -3.71444043564e-11 5.15021383762e-06 1.97440385818e-07 -1.09896063805e-07 -4.28408384323e-08 5.65625 265.09375 31
460800 8 460800 460800 0.00045293290168 8.18545231596e-12 0 2 0.0102820347529 5153.73209572 4.6080490866e-09 0.883910066219 0.397777585719 -2.94954517592 0.9501633351 -8.06247869174e-09 -5.99310677981e-10 1.00396573544e-05 1.11013650894e-06 1.56462192535e-07 -1.30385160446e-08 19.25 180 6
460800 31 460800 460800 -0.000218686182052 7.95807864051e-13 0 2 0.0106951110065 5153.60996056 4.61554939902e-09 -2.92396913567 0.791356538033 1.2999625226 0.953975897108 -7.86175604512e-09 5.04306720685e-10 1.03004276752e-05 6.85453414917e-07 -1.17346644402e-07 1.67638063431e-08 15.34375 175.625 107
460800 28 460800 460800 -0.00052564824 -1.00044417195e-11 0 2 0.000436093658209 5153.792202 4.44232789793e-09 -3.10532268803 1.41989182991 1.24697072899 0.961154902794 -7.87461372356e-09 4.4430422134e-10 1.05425715446e-05 4.37721610069e-07 4.47034835815e-08 -6.89178705215e-08 8.4375 177.40625 210
460800 18 460800 460800 -0.000659047160298 1.02318153949e-12 0 2 0.004802992451 5153.71869278 4.09374194936e-09 -1.1470918053 -2.93439183158 -1.84510058083 0.974055877017 -7.9617602107e-09 3.07869966877e-10 6.95697963238e-06 5.71832060814e-06 -4.842877388e-08 5.40167093277e-08 111.40625 250.6875 168
460800 16 460800 460800 -8.72118398547e-05 9.43600753089e-12 0 2.8 0.0144643818494 5153.66357613 4.89520390489e-09 1.89565509732 0.865973940091 2.41170502204 0.960216013674 -8.19819863074e-09 -2.33581158164e-10 6.02193176746e-06 -4.45172190666e-07 -1.78813934326e-07 -2.44006514549e-07 -4.75 267.625 109
460800 2 460800 460800 -0.000276890583336 9.09494701773e-12 0 2 0.0165477525443 5153.68036079 4.35089551798e-09 1.01246644282 -1.0622000048 -1.9493339153 0.966434530255 -8.13998192006e-09 2.23580741607e-10 8.61659646034e-06 5.46127557755e-06 -3.91155481339e-07 1.43423676491e-07 110.75 215.53125 77
460784 7 460784 460784 -1.39866024256e-05 6.8212102633e-13 0 2 0.0189096177928 5153.76122093 4.56090426568e-09 -1.87913741071 -2.08577953261 1.27752137097 0.950082115351 -7.66889086866e-09 5.50022910662e-10 1.01458281279e-05 -7.45058059692e-08 -1.00582838058e-07 3.52039933205e-07 0.21875 173.6875 2
460784 16 460784 460784 -8.72127711773e-05 9.43600753089e-12 0 2 0.0144643815001 5153.66357613 4.89484674716e-09 1.89332123389 0.865974020551 2.41170516248 0.960216023914 -8.19819863074e-09 -2.33938315898e-10 6.02193176746e-06 -4.45172190666e-07 -1.78813934326e-07 -2.44006514549e-07 -4.75 267.625 0
460800 30 460800 460800 -0.000247447751462 8.29913915368e-12 0 2 0.00724738056306 5153.7556057 4.96270671665e-09 -2.05200940439 -2.45378078865 1.27481956462 0.935253559305 -8.03676333488e-09 5.26450500205e-10 1.0222196579e-05 -1.89989805222e-07 -6.14672899246e-08 7.63684511185e-08 -1.4375 166.9375 6
468000 4 468000 468000 0.000506137497723 6.02540239925e-12 0 2 0.00323762372136 5153.68575668 4.34160941689e-09 1.61576678843 -2.96628246847 0.266157137439 0.96699599675 -8.0296201802e-09 -1.62149611325e-10 9.66526567936e-06 -6.09830021858e-06 1.04308128357e-07 6.51925802231e-08 -120.84375 197.125 42
468000 9 468000 468000 0.000513758510351 1.54614099301e-11 0 2 0.00319522235077 5153.79656601 4.46697178159e-09 2.50448309645 2.03307414033 0.204979369208 0.960795311678 -8.06962184643e-09 -2.00722646618e-10 8.92579555511e-06 -6.35907053947e-06 -9.31322574615e-09 1.13621354103e-07 -125.96875 204.625 33
468000 27 468000 468000 -3.35182994604e-05 4.54747350886e-13 0 2 0.0131313158199 5153.69033432 4.29946480425e-09 2.02142646997 0.805612793212 -2.92125266942 0.959221075774 -7.86782772661e-09 -4.66090843126e-10 1.0484829545e-05 5.86733222008e-07 -1.41561031342e-07 -2.421438694e-07 12.90625 178.40625 80
468000 21 468000 468000 9.97907482088e-05 1.5916157281e-12 0 2 0.0258763678139 5153.62874603 4.24196240905e-09 1.7657098497 -0.466854298195 -1.95789746615 0.960680572088 -7.85354141724e-09 -1.31434046184e-10 7.79703259468e-06 6.67572021484e-06 2.99885869026e-07 1.99303030968e-07 128.28125 223.78125 49
468000 2 468000 468000 -0.000276825390756 9.09494701773e-12 0 2 0.0165479290299 5153.68534851 4.11124267833e-09 2.06248035027 -1.0620415854 -1.9493896949 0.966437183988 -7.73960810003e-09 6.60741808263e-11 7.80820846558e-06 6.39818608761e-06 6.70552253723e-08 2.421438694e-07 125.59375 227.125 78
467984 7 467984 467984 -1.39819458127e-05 6.8212102633e-13 0 2 0.0189098713454 5153.76005554 4.88448917287e-09 -0.829043541631 -2.08574457911 1.27746525928 0.950082584947 -8.33891877801e-09 3.82873091058e-10 1.0397285223e-05 5.01051545143e-07 4.41446900368e-07 -5.02914190292e-08 7.71875 174.09375 5
468000 8 468000 468000 0.000452992040664 8.18545231596e-12 0 2.8 0.0102821696782 5153.73391914 4.58447667614e-09 1.93396341978 0.397869712985 -2.94960347174 0.950159152617 -7.99997608826e-09 -5.45022702383e-10 1.04736536741e-05 8.49366188049e-07 9.49949026108e-08 -1.6950070858e-07 15.96875 174.28125 7
468000 30 468000 468000 -0.000247388146818 8.29913915368e-12 0 2 0.00724702735897 5153.75415421 5.0623537245e-09 -1.00197935365 -2.45367696975 1.27476205438 0.935256530491 -8.18784105645e-09 4.20374653149e-10 1.04103237391e-05 1.71363353729e-07 1.210719347e-07 1.91852450371e-07 4.65625 162.875 7
467984 16 467984 467984 -8.71443189681e-05 9.43600753089e-12 0 2 0.0144637371413 5153.66522408 4.82127225391e-09 2.94346805183 0.866016056039 2.4116471095 0.960215290993 -7.99211861811e-09 -2.32509684962e-10 5.42216002941e-06 -2.88709998131e-07 -1.82539224625e-07 3.72529029846e-09 -3.28125 273.875 23
468000 14 468000 468000 0.000572840217501 7.38964445191e-12 0 2 0.00514538958669 5153.69107437 5.20664544911e-09 -1.69105400655 -2.86533994628 2.34613962163 0.944130291662 -8.27498754359e-09 -7.17887045734e-11 5.55254518986e-06 1.60187482834e-07 -1.17346644402e-07 -6.33299350739e-08 3.21875 265.15625 106
468000 17 468000 468000 0.00049117160961 -1.69393388205e-11 0 2 0.0133777166484 5153.60373497 4.07374111624e-09 1.90906578146 -1.24590854514 -2.85150827382 0.965962780136 -7.56745807215e-09 -5.14664294977e-10 1.0471791029e-05 9.94652509689e-07 -2.79396772385e-08 2.92435288429e-07 18.53125 174.375 17
467984 3 467984 467984 0.000638565979898 7.95807864051e-12 0 2 0.00566678191535 5153.59919167 4.33375194674e-09 -1.36866403024 1.14498648771 -0.809921903264 0.987611852329 -8.27320175492e-09 6.17882880159e-11 1.52550637722e-06 -1.09151005745e-06 4.842877388e-08 7.07805156708e-08 -24.78125 365.78125 35
468000 19 468000 468000 0.000581700354815 4.66116034659e-12 0 2 0.0100201144814 5153.60333252 4.10731394325e-09 -2.50371383853 2.70067110481 -2.80732922892 0.965172153374 -7.67674833881e-09 -4.35018120251e-10 1.13397836685e-05 1.62795186043e-06 4.47034835815e-08 -1.4528632164e-07 27.84375 162 25
467984 8 467984 467984 0.000452992040664 8.18545231596e-12 0 2 0.0102821636247 5153.73392487 4.58411951841e-09 1.93162884391 0.397870571718 -2.94960334154 0.950159180412 -7.99997608826e-09 -5.45022702383e-10 1.04736536741e-05 8.49366188049e-07 9.49949026108e-08 -1.6950070858e-07 15.96875 174.28125 12
467984 17 467984 467984 0.000491171143949 -1.69393388205e-11 0 2 0.0133777187439 5153.60373878 4.07374111624e-09 1.90673175126 -1.24590835057 -2.85150814069 0.965962796228 -7.56745807215e-09 -5.14664294977e-10 1.0471791029e-05 9.94652509689e-07 -2.79396772385e-08 2.92435288429e-07 18.53125 174.375 40
475200 3 475200 475200 0.000638622790575 7.84439180279e-12 0 2 0.0056668354664 5153.5987606 4.29196449183e-09 -0.316168007244 1.14504982913 -0.809981776112 0.987612139061 -8.30391732006e-09 5.57166065346e-11 1.90921127796e-06 -1.15297734737e-06 6.89178705215e-08 1.49011611938e-08 -22.34375 362.03125 40
475200 21 475200 475200 9.98023897409e-05 1.5916157281e-12 0 2 0.0258754687384 5153.63144684 4.13517224652e-09 2.81586998166 -0.466808425473 -1.95795524264 0.960680781285 -7.7131784277e-09 1.43220251413e-10 8.35955142975e-06 6.40749931335e-06 4.24683094025e-07 -1.97440385818e-07 124.03125 213.84375 50
475200 2 475200 475200 -0.000276760198176 9.09494701773e-12 0 2 0.0165478123818 5153.68551636 4.10017078857e-09 3.11265308233 -1.06204308782 -1.94944595141 0.966437965186 -7.71282126996e-09 1.85364864048e-10 7.86781311035e-06 6.34416937828e-06 2.32830643654e-07 1.41561031342e-07 124.28125 226.59375 79
475200 7 475200 475200 -1.39772891998e-05 6.8212102633e-13 0 2 0.0189105323516 5153.76156998 4.94484882994e-09 0.223447527921 -2.08577168844 1.2774041766 0.950085101167 -8.44892336014e-09 3.78230040514e-10 1.0259449482e-05 8.64267349243e-07 2.23517417908e-07 -2.25380063057e-07 12.9375 178.78125 6
475200 19 475200 475200 0.000581733416766 4.66116034659e-12 0 2 0.0100196060957 5153.60396385 4.11874299075e-09 -1.45347822293 2.70065607479 -2.80738566391 0.965168834013 -7.81246827781e-09 -3.49300264044e-10 1.1159107089e-05 1.50501728058e-06 -1.24797224998e-07 -8.19563865662e-08 29.53125 168.34375 26
475184 17 475184 475184 0.000491049140692 -1.69393388205e-11 0 2 0.0133772309637 5153.60555077 4.07981279772e-09 2.95688182273 -1.24583918088 -2.85156217357 0.96595897216 -7.51745598936e-09 -5.31807866218e-10 1.07474625111e-05 1.60001218319e-06 7.82310962677e-08 1.91852450371e-07 27.6875 173.25 41
475200 14 475200 475200 0.000572892837226 7.38964445191e-12 0 2 0.00514567573555 5153.69189072 5.33093634061e-09 -0.640811146574 -2.86540790175 2.34608057533 0.944128593214 -8.45106630655e-09 -2.41438628317e-10 5.51156699657e-06 -1.50874257088e-07 1.49011611938e-08 1.65775418282e-07 -0.1875 266.4375 107
475184 8 475184 475184 0.000453051179647 8.18545231596e-12 0 2 0.0102815647842 5153.73566055 4.50590197462e-09 2.98170022502 0.397942820853 -2.94966072304 0.950155986862 -7.87104214621e-09 -5.0644966709e-10 1.01756304502e-05 4.82425093651e-07 -2.60770320892e-08 -1.09896063805e-07 9.84375 178.5 13
475200 30 475200 475200 -0.000247328076512 8.29913915368e-12 0 2 0.00724804843776 5153.75598717 5.17378693756e-09 0.0481750699993 -2.45369532205 1.27470206011 0.935258676592 -8.39713548868e-09 4.3073222744e-10 1.01439654827e-05 6.23986124992e-07 9.31322574615e-08 -2.79396772385e-08 12.3125 167.15625 8
475200 6 475200 475200 -9.19485464692e-05 -2.75122147286e-11 0 2 0.00343737413641 5153.76547813 3.63015121037e-09 1.04472067338 -0.730037159332 -1.846154941 0.989166135494 -7.7831813436e-09 2.91440711104e-10 7.82310962677e-06 6.26407563686e-06 -4.65661287308e-08 1.02445483208e-07 120.25 241 112
475200 11 475200 475200 -0.000752444844693 5.68434188608e-13 0 2 0.00175543618388 5153.59704781 4.1966033768e-09 2.09072515832 -2.34633323884 -1.81800116449 0.96583477773 -8.05319259065e-09 3.01798285396e-10 7.89761543274e-06 6.51367008686e-06 -4.09781932831e-08 -3.16649675369e-08 124.40625 225.78125 199
475200 9 475200 475200 0.000513869337738 1.54614099301e-11 0 2 0.00319667556323 5153.79390335 4.5276885964e-09 -2.72865720604 2.03313559459 0.204920722285 0.960794511462 -8.01390523989e-09 -7.03600736366e-11 8.88295471668e-06 -5.91389834881e-06 8.19563865662e-08 -2.60770320892e-08 -115.25 209.0625 34
475184 6 475184 475184 -9.19476151466e-05 -2.75122147286e-11 0 2 0.00343736703508 5153.76548004 3.62979405263e-09 1.04238672949 -0.730036841879 -1.84615481958 0.989166129643 -7.7831813436e-09 2.91797868838e-10 7.82310962677e-06 6.26407563686e-06 -4.65661287308e-08 1.02445483208e-07 120.25 241 23
482400 3 482400 482400 0.000638679601252 7.84439180279e-12 0 2 0.00566842185799 5153.60174179 4.14302971667e-09 0.73404396614 1.14506107458 -0.810041457318 0.987612481384 -8.29534553444e-09 4.14302971667e-11 1.99489295483e-06 -9.29459929466e-07 5.77419996262e-08 -1.30385160446e-08 -14.125 353.625 55
482400 2 482400 482400 -0.000276695005596 9.09494701773e-12 0 2.8 0.0165467549814 5153.68740082 3.98516599816e-09 -2.12034956541 -1.0620565613 -1.94950144575 0.966439028728 -7.7967533375e-09 1.83221917643e-10 8.2328915596e-06 6.33671879768e-06 3.52039933205e-07 -1.86264514923e-09 115.25 225.53125 80
482400 19 482400 482400 0.000581766944379 4.66116034659e-12 0 2 0.0100190464873 5153.60088348 4.26839208138e-09 -0.403415584221 2.70081569232 -2.80744125772 0.965165780903 -7.88747140199e-09 -5.04306720685e-10 1.06953084469e-05 1.29267573357e-06 -2.23517417908e-07 1.30385160446e-07 26.8125 181.875 89
482400 17 482400 482400 0.000490927137434 -1.69393388205e-11 0 2 0.0133769902168 5153.60634422 4.1548159219e-09 -2.27370579743 -1.24588320301 -2.85161622839 0.965954900859 -7.60210237236e-09 -5.57166065346e-10 1.05798244476e-05 1.24424695969e-06 2.62632966042e-07 1.86264514923e-07 23.0625 179.46875 59
482400 14 482400 482400 0.000572945922613 7.38964445191e-12 0 2 0.00514699751511 5153.69441795 5.43201197939e-09 0.409386272239 -2.86542998011 2.34601912838 0.944126287655 -8.57928593312e-09 -2.40724312848e-10 4.81680035591e-06 1.26659870148e-07 1.86264514923e-08 2.60770320892e-08 3.3125 275.09375 108
482384 6 482384 482384 -9.21455211937e-05 -2.75122147286e-11 0 2 0.00343771267217 5153.76348305 3.63015121037e-09 2.09281446866 -0.730346407048 -1.84620985602 0.989168256725 -7.67996275842e-09 2.0000833115e-10 7.58655369282e-06 6.00330531597e-06 5.02914190292e-08 -1.30385160446e-08 113.21875 247 24
482400 30 482400 482400 -0.000247268006206 8.29913915368e-12 0 2 0.00724803598132 5153.75572014 5.2555760587e-09 1.09834480309 -2.45372971379 1.27464179667 0.935261698981 -8.38356349478e-09 4.05016870578e-10 1.03004276752e-05 9.07108187675e-07 7.82310962677e-08 -6.89178705215e-08 14.125 169.84375 9
482400 4 482400 482400 0.000506223645061 6.02540239925e-12 0 2 0.00323704525363 5153.6852169 4.26410618857e-09 -2.56669829303 -2.96665609629 0.266042119894 0.966995465711 -7.90211486909e-09 -2.89297764699e-11 9.19587910175e-06 -5.72577118874e-06 -5.58793544769e-08 -6.14672899246e-08 -109.625 210.03125 44
482400 11 482400 482400 -0.000752441119403 5.68434188608e-13 0 2 0.00175484328065 5153.59872627 4.08231290186e-09 3.14050918135 -2.34589334815 -1.81805868057 0.96583726469 -7.96747473445e-09 2.81083136812e-10 7.6238065958e-06 6.40191137791e-06 2.79396772385e-08 2.60770320892e-08 123.0625 234.34375 200
482384 9 482384 482384 0.000513979233801 1.53477230924e-11 0 2 0.00319638475776 5153.79571342 4.47340062081e-09 -1.68057496928 2.03282700665 0.204863075998 0.960793895574 -8.0453351205e-09 -6.35740766869e-11 8.64081084728e-06 -5.77047467232e-06 6.14672899246e-08 -8.56816768646e-08 -112.6875 217.4375 92
482400 20 482400 482400 0.000367362517864 -3.41060513165e-13 0 2 0.00382511515636 5153.67180061 4.78341353409e-09 2.3826089756 -2.37221797382 -0.996982402925 0.956629223813 -8.53678416275e-09 1.92865176466e-10 1.24983489513e-06 9.4436109066e-07 -1.39698386192e-07 -1.30385160446e-08 17.6875 352.03125 85
482400 12 482400 482400 -0.000562288332731 -2.27373675443e-12 0 2 0.00899375148583 5153.75686836 5.00556564476e-09 0.541607988627 1.46531972701 2.39394057813 0.960838578944 -8.36427697714e-09 -2.29295265354e-10 5.86360692978e-06 2.32830643654e-07 -3.91155481339e-08 -1.24797224998e-07 5.46875 267.71875 23
482400 5 482400 482400 -0.00019794004038 -1.13686837722e-12 0 2 0.00559839745983 5153.7267704 4.43375611231e-09 -1.9108864547 1.32912594958 -0.864265623355 0.974442516025 -8.34963351004e-09 1.43577409147e-10 1.22003257275e-06 -1.80676579475e-07 -1.86264514923e-09 7.07805156708e-08 -6.40625 357.34375 27
489600 19 489600 489600 0.00058180000633 4.66116034659e-12 0 2 0.0100210586097 5153.60467529 4.3458953097e-09 0.646817680473 2.70080451855 -2.80749820327 0.96516144774 -7.99247577584e-09 -5.67523639638e-10 9.97819006443e-06 5.23403286934e-07 -3.91155481339e-08 1.73225998878e-07 14.21875 190.09375 90
489600 12 489600 489600 -0.000562304630876 -2.27373675443e-12 0 2 0.00899404822849 5153.75820351 4.97056418681e-09 1.59167073266 1.46539038595 2.39388028981 0.960837651453 -8.21855662159e-09 -1.7786455163e-10 5.61401247978e-06 -2.34693288803e-07 -2.08616256714e-07 -5.21540641785e-08 1.15625 270.0625 27
489600 17 489600 489600 0.000490804668516 -1.69393388205e-11 0 2 0.0133764554048 5153.60717392 4.3605387768e-09 -1.22346034809 -1.24590909081 -2.85167311835 0.965948837063 -8.08783689087e-09 -5.06092509356e-10 1.05705112219e-05 9.12696123123e-07 8.75443220139e-08 -2.94297933578e-07 17.4375 184.1875 60
489600 4 489600 489600 0.0005062664859 6.02540239925e-12 0 2 0.00323796574958 5153.68140411 4.24696261733e-09 -1.51708163807 -2.96609951886 0.265984965147 0.966995350141 -7.92675875275e-09 -8.57178562071e-12 8.27759504318e-06 -6.34230673313e-06 -8.00937414169e-08 0 -117.75 222 45
489600 14 489600 489600 0.000572998542339 7.38964445191e-12 0 2 0.00514784571715 5153.69687653 5.46665627961e-09 1.45936968662 -2.86523905467 2.34595679637 0.944124728185 -8.60214402811e-09 -1.4643467102e-10 5.28618693352e-06 6.55651092529e-07 1.28522515297e-07 8.56816768646e-08 10.4375 269.1875 109
489600 6 489600 489600 -9.23438929021e-05 -2.75122147286e-11 0 2 0.00343656155746 5153.7655983 3.66050961778e-09 -3.13799282328 -0.730271414941 -1.84626505338 0.989169438763 -7.69353475232e-09 1.49291932894e-10 7.95908272266e-06 5.43333590031e-06 0 2.04890966415e-08 104.21875 243.625 25
489600 9 489600 489600 0.000514090526849 1.53477230924e-11 0 2 0.00319560640492 5153.79388618 4.43697053192e-09 -0.62835795402 2.03304961889 0.204804549034 0.960793433292 -8.09640867649e-09 -3.4644300217e-11 8.16583633423e-06 -6.4242631197e-06 -2.421438694e-08 -5.02914190292e-08 -118.28125 224.9375 93
489600 5 489600 489600 -0.000197947956622 -1.13686837722e-12 0 2 0.00559815950692 5153.72545242 4.42268422255e-09 -0.860857944406 1.32924546121 -0.864325970189 0.974443165561 -8.42320800328e-09 1.31791203918e-10 1.77510082722e-06 -1.63912773132e-07 4.65661287308e-08 1.86264514923e-09 -7.46875 352.0625 28
489600 20 489600 489600 0.000367360189557 -3.41060513165e-13 0 2 0.00382497510873 5153.67202187 4.74162607919e-09 -2.85036493312 -2.37224564052 -0.997043250076 0.956630847652 -8.45249493748e-09 1.67506977338e-10 1.31316483021e-06 1.06915831566e-06 -4.842877388e-08 4.09781932831e-08 19.25 350.59375 87
489600 11 489600 489600 -0.000752436928451 5.68434188608e-13 0 2 0.00175672559999 5153.59507179 4.18124559423e-09 -2.09280719503 -2.34553703251 -1.81811541546 0.965839036284 -7.94211653532e-09 1.8215044444e-10 7.35744833946e-06 5.87664544582e-06 -7.264316082e-08 -4.28408384323e-08 111.09375 243.6875 201
489584 13 489584 489584 0.000692270230502 1.36424205266e-12 0 2 0.008816012647 5153.68834686 4.14088677027e-09 -1.48148529801 0.971012511483 0.373929440439 0.973192202367 -7.77746681985e-09 8.57178562071e-12 9.98936593533e-06 -5.0850212574e-06 5.40167093277e-08 1.95577740669e-07 -98 189.78125 30
489600 25 489600 489600 0.000497275032103 -5.68434188608e-13 0 2 0.0123075569281 5153.67733765 5.35879464388e-09 1.41324534835 1.10760744738 2.30481087512 0.948860328596 -8.51356891003e-09 -7.89318592573e-11 5.80586493015e-06 4.04193997383e-07 -5.02914190292e-08 -2.77534127235e-07 10.4375 263.75 179
489600 30 489600 489600 -0.000247208401561 8.29913915368e-12 0 2 0.00724782224279 5153.75851631 5.14485716109e-09 2.14827637896 -2.45352568207 1.27458105338 0.935265607898 -8.20784188956e-09 5.27164815673e-10 1.02892518044e-05 2.10478901863e-07 -1.32247805595e-07 -1.84401869774e-07 3.40625 171.03125 10
489600 15 489600 489600 0.000247329007834 4.54747350886e-12 0 2 0.0161205299664 5153.74911118 4.87698886045e-09 -2.20767762044 1.38739235137 0.07133313634 0.938017463598 -8.1267670839e-09 -3.8215877559e-11 6.71111047268e-06 -6.47827982903e-06 7.63684511185e-08 1.76951289177e-07 -126.21875 227.3125 86
489600 7 489600 489600 -1.39679759741e-05 6.8212102633e-13 0 2 0.0189116706606 5153.76452637 4.68055210664e-09 2.32362444488 -2.08569095146 1.27728424365 0.950093726532 -7.74425115057e-09 5.23236080597e-10 1.05164945126e-05 -3.18512320518e-07 -4.13507223129e-07 6.33299350739e-08 -3.28125 171.25 8
496800 15 496800 496800 0.000247361138463 4.54747350886e-12 0 2.8 0.0161215033149 5153.74710464 5.01520890358e-09 -1.15759748231 1.38745130697 0.0712740622451 0.938015106837 -8.53785563596e-09 -1.21433629627e-10 7.12834298611e-06 -5.4556876421e-06 3.50177288055e-07 -1.24797224998e-07 -111.4375 228.875 92
496800 19 496800 496800 0.000581833068281 4.66116034659e-12 0 2 0.0100205510389 5153.60237312 4.39054002647e-09 1.69715083468 2.70069378589 -2.80755454317 0.965157484695 -7.85568436364e-09 -6.67884962947e-10 9.96887683868e-06 4.26545739174e-07 1.13621354103e-07 6.33299350739e-08 5.59375 188.65625 99
496800 12 496800 496800 -0.000562320929021 -2.27373675443e-12 0 2 0.0089934313437 5153.76040649 4.97877881469e-09 2.6416919781 1.46550088747 2.39382154633 0.960836628874 -8.1549825449e-09 -1.70721396946e-10 5.15021383762e-06 3.50177288055e-07 -1.75088644028e-07 8.38190317154e-08 7.6875 275.21875 28
496800 7 496800 496800 -1.39633193612e-05 6.8212102633e-13 0 2 0.0189123707823 5153.76297188 4.66019411579e-09 -2.90940180705 -2.08572260023 1.27722885465 0.950097661781 -7.69746348739e-09 5.6859511284e-10 1.0697171092e-05 -6.89178705215e-07 -2.51457095146e-07 2.62632966042e-07 -9.21875 165.34375 19
496800 17 496800 496800 0.000490682665259 -1.69393388205e-11 0 2 0.013374515227 5153.60178757 4.45839999597e-09 -0.173390767839 -1.2457557609 -2.85173173894 0.965945242674 -8.14533928608e-09 -5.29307762079e-10 9.95583832264e-06 -7.45058059692e-09 -1.24797224998e-07 -2.27242708206e-07 0.5625 195.15625 87
496800 6 496800 496800 -9.2541333288e-05 -2.75122147286e-11 0 2 0.00343746866565 5153.76303482 3.72729811407e-09 -2.08820836283 -0.729937038682 -1.8463205799 0.989170181926 -7.75425156713e-09 1.36077096729e-10 8.60542058945e-06 5.26197254658e-06 4.65661287308e-08 -2.60770320892e-08 100.6875 231.5 28
496800 25 496800 496800 0.000497271306813 -5.68434188608e-13 0 2 0.0123071825365 5153.67893219 5.2170030234e-09 2.46336698069 1.10766973843 2.30475055023 0.948861339472 -8.19891294621e-09 -4.25017703693e-11 5.22285699844e-06 3.37138772011e-07 -1.86264514923e-07 2.23517417908e-08 10.59375 269.9375 180
496800 9 496800 496800 0.000514201354235 1.53477230924e-11 0 2 0.00319512968417 5153.79288673 4.39589739249e-09 0.421600375702 2.03319851323 0.204746626256 0.960792754498 -8.14533928608e-09 -1.25005206969e-10 7.54371285439e-06 -6.33299350739e-06 -5.96046447754e-08 6.70552253723e-08 -120.65625 231.875 102
496784 13 496784 496784 0.000692280009389 1.36424205266e-12 0 2 0.00881748145912 5153.69316101 4.10231373498e-09 -0.431083079449 0.970777929643 0.373872649959 0.973191204657 -7.99819029959e-09 -3.92873507616e-12 9.41380858421e-06 -5.03845512867e-06 1.11758708954e-07 -2.421438694e-08 -97.4375 207.90625 31
496800 5 496800 496800 -0.000197955872864 -1.13686837722e-12 0 2 0.00559950305615 5153.72806549 4.34910972931e-09 0.189347004046 1.32918796999 -0.864386147324 0.974444043311 -8.38463496799e-09 6.67884962947e-11 2.11596488953e-06 1.80676579475e-07 2.421438694e-08 -9.12696123123e-08 0.625 346.25 39
496800 30 496800 496800 -0.000247148331255 8.29913915368e-12 0 2 0.00724928826094 5153.75571251 5.07413992972e-09 -3.08471722649 -2.45358369555 1.2745228073 0.935270113686 -8.0431921741e-09 5.22164607395e-10 1.07269734144e-05 -2.92435288429e-07 -1.13621354103e-07 7.45058059692e-09 -5.0625 163.1875 23
496800 20 496800 496800 0.000367358326912 -3.41060513165e-13 0 2 0.00382400874514 5153.6742115 4.72983987396e-09 -1.80000118783 -2.37242682 -0.997104187929 0.956632117465 -8.4578523035e-09 1.80007498035e-10 1.8235296011e-06 1.22934579849e-06 -2.98023223877e-08 5.96046447754e-08 22.46875 342.125 88
496800 11 496800 496800 -0.000752433203161 5.68434188608e-13 0 2 0.0017564764712 5153.5984745 4.22303304913e-09 -1.0415529364 -2.34656627584 -1.8181723932 0.965839634618 -8.0453351205e-09 9.25038531568e-11 7.55488872528e-06 5.06266951561e-06 2.23517417908e-08 7.45058059692e-08 98.03125 240.21875 202
496800 29 496800 496800 -0.000550341792405 3.29691829393e-12 0 2 0.00288677192293 5153.72500229 4.22767609968e-09 -0.209376839511 2.64379284989 -2.8361509314 0.968455160982 -7.82461164077e-09 -5.48594279725e-10 1.04624778032e-05 8.40052962303e-07 -1.11758708954e-08 2.79396772385e-08 18.625 182.40625 72
496784 15 496784 496784 0.000247361604124 4.54747350886e-12 0 2 0.016121501918 5153.74710655 5.01485174585e-09 -1.15993087614 1.38745104365 0.0712741807414 0.9380151083 -8.53785563596e-09 -1.21433629627e-10 7.12834298611e-06 -5.4556876421e-06 3.50177288055e-07 -1.24797224998e-07 -111.4375 228.875 8
496800 24 496800 496800 -0.00046762265265 3.63797880709e-12 0 2 0.0164170033531 5153.68980408 5.05806783168e-09 -2.02573640218 1.04338935649 1.17626803135 0.933945148781 -7.95175979414e-09 6.07168148133e-10 1.03730708361e-05 1.26659870148e-07 -1.19209289551e-07 2.12341547012e-07 6.25 160.3125 82
503984 15 503984 503984 0.000247394200414 4.54747350886e-12 0 2 0.0161216720007 5153.74839783 4.98592196938e-09 -0.109736737193 1.38739549372 0.0712115576072 0.938013981853 -8.67571852136e-09 -9.64325882329e-11 6.81355595589e-06 -5.59911131859e-06 1.11758708954e-07 -2.47731804848e-07 -107.59375 238.4375 10
504000 29 504000 504000 -0.000550317578018 3.29691829393e-12 0 2 0.00288808508776 5153.7274456 4.26303471536e-09 0.840726089422 2.64383630879 -2.83620739711 0.968450941926 -7.87961393183e-09 -5.53951645738e-10 9.92976129055e-06 4.41446900368e-07 5.58793544769e-09 -2.60770320892e-08 11.34375 189.375 119
504000 6 504000 504000 -9.27392393351e-05 -2.75122147286e-11 0 2 0.00343813677318 5153.76232147 3.74265589664e-09 -1.03819747631 -0.729826115844 -1.84637657894 0.989171134285 -7.77318092704e-09 1.38577200868e-10 9.06363129616e-06 5.04590570927e-06 3.72529029846e-09 -4.28408384323e-08 96.875 221.875 62
504000 13 504000 504000 0.000692289322615 1.36424205266e-12 0 2 0.008815752808 5153.68982124 4.0973135267e-09 0.621454208074 0.970740869539 0.37381555373 0.973191032033 -7.95676000242e-09 -1.05004373854e-10 8.92393290997e-06 -5.64567744732e-06 2.421438694e-08 -1.47148966789e-07 -106.78125 216.53125 32
504000 5 504000 504000 -0.000197963789105 -1.13686837722e-12 0 2 0.00559880817309 5153.72577095 4.45839999597e-09 1.239679734 1.32900230813 -0.864446426863 0.97444434321 -8.38570644119e-09 3.71444043564e-11 2.23144888878e-06 4.37721610069e-07 -3.35276126862e-08 -6.89178705215e-08 10.40625 347.1875 40
504000 30 504000 504000 -0.000247088260949 8.29913915368e-12 0 2 0.0072489422746 5153.75691605 4.97234997548e-09 -2.03449201662 -2.45367407171 1.27446423645 0.935274107452 -8.08033657845e-09 6.13239829615e-10 1.07251107693e-05 -5.99771738052e-07 -4.28408384323e-08 1.09896063805e-07 -6.6875 156.125 30
504000 20 504000 504000 0.000367355998605 -3.41060513165e-13 0 2 0.00382313702721 5153.66899681 4.86127392014e-09 -0.750500725139 -2.37174341928 -0.99716509506 0.956632794796 -8.5696426743e-09 1.33219834855e-10 2.45124101639e-06 2.08616256714e-06 9.685754776e-08 3.91155481339e-08 38.5 330.875 91
504000 24 504000 504000 -0.000467596109957 3.63797880709e-12 0 2 0.0164172929944 5153.69340706 5.1052126526e-09 -0.975446316283 1.04327271071 1.17621066594 0.933947224662 -8.37570602463e-09 4.42875590403e-10 1.02166086435e-05 1.04308128357e-07 3.35276126862e-07 1.210719347e-07 -3.46875 170.6875 91
504000 11 504000 504000 -0.000752429012209 5.68434188608e-13 0 2 0.00175435002893 5153.59373856 4.34982404477e-09 0.0079141410386 -2.34580652103 -1.81823048567 0.965840158342 -8.07569352791e-09 9.03609067516e-11 8.25710594654e-06 4.72366809845e-06 2.98023223877e-08 2.79396772385e-08 89.9375 224.09375 203
504000 12 504000 504000 -0.000562337227166 -2.27373675443e-12 0 2 0.00899360957555 5153.76007271 5.05271046567e-09 -2.59137919565 1.46551895158 2.39376140577 0.960836213405 -8.17926927082e-09 7.32173355102e-11 5.26942312717e-06 5.40167093277e-07 1.210719347e-07 1.58324837685e-07 9.71875 276.96875 29
504000 18 504000 504000 -0.000659002456814 1.02318153949e-12 0 2 0.0048040173715 5153.71803665 4.00766693541e-09 -1.12980235772 -2.9339687703 -1.84544112475 0.97406544889 -7.87032783074e-09 7.39316509786e-11 8.16769897938e-06 5.14835119247e-06 -1.19209289551e-07 5.77419996262e-08 100.6875 231.4375 174
504000 23 504000 504000 0.000396733172238 7.61701812735e-12 0 2 0.00498734239955 5153.62786484 4.14588697855e-09 -2.24652238179 -2.86536638414 -0.842809163345 0.982331614832 -8.13926760459e-09 1.0214711198e-10 2.07684934139e-06 -1.06170773506e-07 -3.72529029846e-08 -5.58793544769e-09 -3.3125 351.5 177
503984 24 503984 503984 -0.000467595644295 3.75166564481e-12 0 2 0.0164172939258 5153.69341278 5.1052126526e-09 -0.97777988128 1.04327250005 1.17621080492 0.93394720857 -8.37570602463e-09 4.43232748137e-10 1.02166086435e-05 1.06170773506e-07 3.35276126862e-07 1.210719347e-07 -3.46875 170.6875 12
511200 15 511200 511200 0.000247426331043 4.54747350886e-12 0 2 0.0161201894516 5153.74574661 5.11235580728e-09 0.942740216663 1.38739223434 0.0711497990576 0.938012344848 -8.69929093181e-09 -2.9108355337e-10 6.42985105515e-06 -5.89713454247e-06 -1.50874257088e-07 -1.67638063431e-07 -110.46875 250.84375 11
511200 29 511200 511200 -0.000550293829292 3.29691829393e-12 0 2 0.00288780708797 5153.72379303 4.41554106787e-09 1.89153735597 2.64317292372 -2.83626459282 0.9684469584 -7.92497296408e-09 -5.06806824824e-10 9.79565083981e-06 3.53902578354e-08 -2.421438694e-08 3.91155481339e-08 -1.9375 193.4375 120
511200 18 511200 511200 -0.000658995006233 1.02318153949e-12 0 2 0.00480411725584 5153.71913528 4.09231331842e-09 -0.0794708185757 -2.93415130883 -1.84549789475 0.97406528358 -7.98926135623e-09 2.39295681911e-11 8.23475420475e-06 4.58769500256e-06 1.86264514923e-08 4.09781932831e-08 90.84375 227.25 175
511200 23 511200 511200 0.000396787654608 7.61701812735e-12 0 2 0.00498699152377 5153.62887573 4.17517391275e-09 -1.196218287 -2.86546505942 -0.842867419668 0.982332093206 -8.16498296146e-09 2.53581991279e-11 2.43075191975e-06 -5.58793544769e-09 -1.06170773506e-07 7.45058059692e-08 -0.28125 346.78125 178
511200 13 511200 511200 0.00069229863584 1.36424205266e-12 0 2 0.00881634943653 5153.6935482 4.00695261995e-09 1.67140670222 0.970955207519 0.37375831706 0.973190082599 -7.94283085079e-09 -1.36791412197e-10 9.05245542526e-06 -6.27338886261e-06 -8.56816768646e-08 -1.08033418655e-07 -120.875 213.28125 33
511200 5 511200 511200 -0.000197972171009 -1.13686837722e-12 0 2 0.00559867802076 5153.72437286 4.46982904346e-09 2.28996836868 1.32886315975 -0.864506462096 0.974445109779 -8.28355932921e-09 4.32160858377e-11 2.29105353355e-06 6.55651092529e-07 -5.58793544769e-08 3.16649675369e-08 15.03125 342.3125 56
511184 24 511184 511184 -0.000467569101602 3.75166564481e-12 0 2 0.0164155052043 5153.68971443 5.12985653626e-09 0.072350366186 1.04331649146 1.17614988169 0.933950074427 -8.4589237767e-09 4.17874549009e-10 1.05835497379e-05 -8.51228833199e-07 2.55182385445e-07 -1.13621354103e-07 -16.84375 167.28125 13
511200 11 511200 511200 -0.000752425286919 5.68434188608e-13 0 2 0.00175680464599 5153.59922981 4.2519628256e-09 1.05725220959 -2.34491795483 -1.81828853426 0.96584076399 -8.06640742682e-09 8.10748056625e-11 9.2014670372e-06 5.15207648277e-06 3.35276126862e-08 1.86264514923e-09 98.3125 205 204
511200 20 511200 511200 0.000367353670299 -3.41060513165e-13 0 2 0.00382321339566 5153.66902161 4.86555981295e-09 0.29962093646 -2.37167845109 -0.99722698381 0.95663364914 -8.59535803116e-09 1.2679099564e-10 2.65054404736e-06 2.15880572796e-06 7.63684511185e-08 -2.98023223877e-08 40.53125 327.59375 92
511200 12 511200 511200 -0.000562353525311 -2.27373675443e-12 0 2 0.00899417651817 5153.75782204 5.04771025739e-09 -1.54136355173 1.4656358285 2.39370254526 0.960836599615 -8.23498587736e-09 7.67889128522e-11 5.5804848671e-06 1.20140612125e-06 2.04890966415e-07 5.02914190292e-08 17.59375 273.90625 30
511200 32 511200 511200 -0.000547989271581 6.59383658785e-12 0 2 0.00826628995128 5153.78011322 4.11124267833e-09 2.62436956074 -2.11326568451 0.220114511922 0.964080896948 -7.82032574796e-09 -1.05361531588e-10 8.21240246296e-06 -5.82635402679e-06 -8.00937414169e-08 1.30385160446e-08 -112.5625 221.15625 28
511200 10 511200 511200 -0.000261705368757 -1.60298441187e-11 0 2 0.010112572927 5153.68388367 4.0419540779e-09 -2.37281223894 -2.332994324 -0.812802565975 0.987236982497 -8.00140471919e-09 7.57174396496e-11 2.27615237236e-06 -3.24100255966e-07 -7.82310962677e-08 9.87201929092e-08 -5.96875 349.625 94
511200 25 511200 511200 0.000497263390571 -5.68434188608e-13 0 2.8 0.0123069420224 5153.67892647 5.25164732362e-09 -1.71950964743 1.10772698096 2.30463039345 0.948862482011 -8.28891669522e-09 1.9750822701e-10 5.06825745106e-06 1.0970979929e-06 4.842877388e-08 2.1792948246e-07 18.875 272.21875 182
511184 25 511184 511184 0.000497264321893 -5.68434188608e-13 0 2 0.0123069408583 5153.67892647 5.25164732362e-09 -1.72184375224 1.10772729987 2.30463052511 0.948862477622 -8.28891669522e-09 1.9750822701e-10 5.06825745106e-06 1.0970979929e-06 4.842877388e-08 2.1792948246e-07 18.875 272.21875 0
511200 28 511200 511200 -0.000526153016835 -1.00044417195e-11 0 2 0.000436060945503 5153.79454994 4.36411035414e-09 -2.03747463156 1.41961142655 1.24657275822 0.961178351908 -7.89675750308e-09 4.75376944215e-10 1.06617808342e-05 4.842877388e-08 -2.60770320892e-08 -1.49011611938e-08 0.5 169.53125 217
518400 15 518400 518400 0.000247458927333 4.54747350886e-12 0 2 0.0161208572099 5153.74856949 4.95092051143e-09 1.99279017187 1.38748156451 0.0710878166815 0.938011920602 -8.34784772137e-09 -2.50724729406e-10 5.8077275753e-06 -6.62729144096e-06 -2.9057264328e-07 1.99303030968e-07 -122.6875 256.125 12
518400 28 518400 518400 -0.000526224728674 -1.00044417195e-11 0 2 0.00043567083776 5153.79558182 4.26767776591e-09 -0.986057673031 1.41829915831 1.24651604674 0.961181991648 -7.84818405122e-09 4.73948313278e-10 1.07288360596e-05 -2.21654772758e-07 -1.86264514923e-08 3.72529029846e-08 -6.4375 172.25 218
518400 32 518400 518400 -0.000547941308469 6.59383658785e-12 0 2 0.00826791801956 5153.77707291 4.18481717158e-09 -2.60873946895 -2.11322822211 0.220058155928 0.964080149397 -7.82711174491e-09 -1.05718689322e-10 7.77654349804e-06 -6.16908073425e-06 -1.02445483208e-07 2.23517417908e-08 -120.71875 230.71875 29
518400 18 518400 518400 -0.000658987555653 1.02318153949e-12 0 2 0.00480323820375 5153.71788406 4.19088885306e-09 0.970616887232 -2.93408732225 -1.84555551031 0.974065428409 -8.00069040373e-09 2.82154610015e-11 8.67806375027e-06 4.75905835629e-06 7.45058059692e-09 3.72529029846e-08 88.75 216.5625 176
518400 23 518400 518400 0.000396842136979 7.61701812735e-12 0 2 0.00498569011688 5153.62553024 4.37268213976e-09 -0.146248922483 -2.86522697975 -0.842926356249 0.982331306156 -8.333561412e-09 -3.89301930274e-11 2.6524066925e-06 3.70666384697e-07 7.07805156708e-08 2.79396772385e-08 9.84375 339.40625 179
518384 25 518384 518384 0.000497260596603 -5.68434188608e-13 0 2 0.0123065689113 5153.67684937 5.35236580466e-09 -0.671742852375 1.10781024586 2.3045699764 0.948862397162 -8.59464371569e-09 1.63221084528e-10 5.87105751038e-06 1.30757689476e-06 1.82539224625e-07 -5.58793544769e-08 20.75 264.84375 1
518400 24 518400 518400 -0.000467542558908 3.75166564481e-12 0 2 0.0164184861351 5153.69728088 4.95056335369e-09 1.12469958681 1.04347376832 1.17608950268 0.933952485316 -8.41749347953e-09 3.05369862738e-10 1.17644667625e-05 -1.38580799103e-06 6.89178705215e-08 -2.45869159698e-07 -27.625 141.34375 83
518400 10 518400 518400 -0.000261820387095 -1.60298441187e-11 0 2 0.0101124714129 5153.68213844 4.11267130927e-09 -1.322738839 -2.33289657473 -0.812859815811 0.987237041014 -8.09712299196e-09 -1.28576784311e-11 2.32271850109e-06 1.43423676491e-07 2.79396772385e-08 2.45869159698e-07 2.59375 348.15625 95
518400 12 518400 518400 -0.000562369357795 -2.27373675443e-12 0 2 0.00899391504936 5153.75650406 5.05842498942e-09 -0.491301853677 1.46570831316 2.39364212967 0.960836589375 -8.40606443204e-09 1.16433421348e-10 6.06849789619e-06 7.22706317902e-07 6.89178705215e-08 -9.31322574615e-08 14.96875 269.53125 64
518384 32 518384 518384 -0.000547939911485 6.59383658785e-12 0 2 0.0082679054467 5153.77706146 4.18481717158e-09 -2.61107284377 -2.11322840643 0.220058265647 0.964080145008 -7.82711174491e-09 -1.06075847056e-10 7.77654349804e-06 -6.16908073425e-06 -1.02445483208e-07 2.04890966415e-08 -120.71875 230.71875 20
518400 31 518400 518400 -0.000218641478568 7.95807864051e-13 0 2 0.0106968759792 5153.6114769 4.52911722734e-09 -0.805601966156 0.791573958381 1.29950320143 0.954003963191 -8.09640867649e-09 4.87877464912e-10 1.00191682577e-05 5.92321157455e-07 1.43423676491e-07 1.22934579849e-07 5.625 180.875 28
518384 26 518384 518384 -3.41571867466e-05 -1.48929757415e-11 0 2 0.00979217537679 5153.74839783 5.60916221555e-09 -1.45897386633 0.604318864284 2.23794747723 0.929584984352 -8.58285751047e-09 2.67511142913e-10 4.98630106449e-06 1.02259218693e-06 -7.07805156708e-08 1.34110450745e-07 21.4375 260.09375 2
