   0.0585
  -0.0089
   0.0305
   0.0537
   0.0948
  -0.0739
  -0.0252
  -0.0280
  -0.0381
   0.0284
   0.0464
  -0.0054
  -0.0171
   0.0463
  -0.0154
   0.0650
  -0.0517
  -0.0807
  -0.1882
   0.1025
  -0.0119
   0.0182
  -0.1904
   0.0192
  -0.0705
   0.1389
   0.0579
   0.0827
  -0.0203
   0.0578
   0.0053
  -0.0268
   0.0621
   0.0193
   0.0641
   0.1289
   0.0399
   0.1901
   0.0115
  -0.0913
  -0.0293
  -0.0493
  -0.0330
  -0.1284
   0.0068
  -0.0545
   0.0067
  -0.0555
   0.0477
   0.0123
  -0.0505
   0.0237
   0.0026
   0.0667
  -0.0600
  -0.0131
  -0.1925
   0.0508
   0.0701
  -0.0380
  -0.1084
  -0.0671
  -0.0593
   0.0476
   0.0259
   0.0416
   0.0691
  -0.0626
  -0.0050
  -0.1029
  -0.0821
  -0.0178
   0.1702
  -0.0558
  -0.0498
   0.1448
  -0.0961
   0.0783
  -0.0469
   0.0519
   0.0141
  -0.0099
  -0.0124
  -0.0379
   0.0026
  -0.0132
   0.0082
  -0.0027
   0.0683
  -0.0278
  -0.0216
  -0.1996
  -0.0462
  -0.0010
   0.0015
  -0.0715
  -0.2507
  -0.1338
  -0.0640
   0.0540
  -0.0431
   0.0181
   0.0122
   0.0379
  -0.0106
  -0.0088
  -0.0022
   0.0022
  -0.0192
   0.0217
   0.0552
   0.0919
  -0.0689
  -0.0989
  -0.0831
   0.0454
   0.0078
  -0.0650
   0.0135
  -0.0604
