   0.0029
  -0.0065
  -0.0040
  -0.0057
  -0.0085
  -0.0139
   0.0526
  -0.0139
  -0.0335
  -0.1193
  -0.0999
  -0.0474
   0.0056
   0.0563
   0.0252
   0.0141
   0.0300
   0.0197
   0.0137
   0.0009
  -0.0078
  -0.0047
  -0.0112
  -0.0075
  -0.0042
  -0.0335
   0.0052
   0.0053
   0.0479
   0.0409
   0.0185
  -0.0208
  -0.0114
  -0.0073
  -0.0022
   0.0104
   0.0073
   0.0126
   0.0012
  -0.0083
  -0.0057
   0.0015
  -0.0093
  -0.0097
   0.0023
  -0.0152
  -0.0725
  -0.0041
  -0.1047
  -0.0237
   0.0011
  -0.0501
   0.0104
  -0.0000
   0.0136
   0.0077
   0.0110
   0.0002
  -0.0085
  -0.0076
  -0.0043
  -0.0109
  -0.0167
  -0.0874
  -0.0192
  -0.0367
   0.0715
   0.0354
  -0.0246
   0.0648
   0.0099
   0.0509
  -0.0027
   0.0071
   0.0054
   0.0102
  -0.0022
  -0.0084
  -0.0086
  -0.0126
  -0.0099
  -0.0166
  -0.0327
  -0.0109
  -0.0357
  -0.0140
  -0.0178
   0.0644
   0.0620
   0.0425
   0.0489
   0.0005
   0.0070
   0.0084
   0.0114
  -0.0037
  -0.0079
  -0.0084
  -0.0136
  -0.0082
  -0.0128
  -0.0395
  -0.0045
  -0.0089
   0.1165
   0.0270
   0.0343
   0.0265
  -0.0638
   0.0238
   0.0049
   0.0072
   0.0135
   0.0142
  -0.0040
  -0.0099
  -0.0081
   0.1302
   0.0975
   0.0119
