  -0.0476
  -0.0121
  -0.0430
  -0.0641
  -0.0293
  -0.1016
   0.0379
  -0.0845
  -0.2942
   0.0699
  -0.0469
  -0.5260
  -0.0407
  -0.1489
  -0.2825
   0.0345
   0.0597
  -0.0237
   0.0302
  -0.0195
  -0.0152
  -0.0410
  -0.0126
  -0.0312
  -0.0981
   0.0535
  -0.0459
  -0.3191
   0.0005
  -0.0637
  -0.5375
  -0.0373
   0.1016
  -0.1902
   0.0097
   0.0375
  -0.0543
   0.0242
   0.0012
  -0.0119
  -0.0502
   0.0160
  -0.0230
  -0.1286
   0.0106
  -0.0369
  -0.3583
  -0.0354
  -0.0041
  -0.3991
   0.0187
   0.0212
  -0.2243
  -0.0105
   0.0224
  -0.0839
   0.0130
   0.0003
  -0.0019
  -0.0527
  -0.0081
  -0.0012
  -0.1211
  -0.0257
   0.0215
  -0.2803
   0.1677
   0.0944
  -0.4629
  -0.1402
   0.0534
  -0.3182
  -0.0003
  -0.0137
  -0.0918
  -0.0044
  -0.0083
   0.0088
  -0.0457
  -0.0229
   0.0133
  -0.1244
   0.0044
  -0.0099
  -0.3487
   0.0622
  -0.1343
  -0.5416
  -0.0083
  -0.0666
  -0.2738
   0.0044
  -0.0050
  -0.0833
  -0.0183
  -0.0121
   0.0168
  -0.0235
  -0.0279
   0.0346
  -0.0887
   0.0074
   0.0654
  -0.2288
   0.0446
   0.1791
  -0.4947
  -0.0001
  -0.0019
  -0.2236
   0.0105
  -0.0863
  -0.0751
  -0.0315
  -0.0031
  -0.0313
   0.0335
   0.0306
   0.0706
  -0.0588
