   0.0225
  -0.0504
  -0.1096
  -0.0838
  -0.1772
   0.0259
   0.1093
   0.1202
   0.0729
   0.0153
  -0.0061
   0.0001
  -0.0226
  -0.0193
  -0.0430
   0.1368
  -0.0381
   0.0083
  -0.1249
  -0.1046
   0.0895
  -0.0167
   0.2145
   0.0808
   0.1586
  -0.0173
   0.0099
  -0.0002
  -0.0085
   0.0170
  -0.0014
  -0.0415
  -0.0038
  -0.0134
   0.0499
   0.0225
  -0.0566
  -0.1299
  -0.1134
  -0.1516
   0.0388
   0.1434
   0.1678
   0.1058
  -0.0102
   0.0063
   0.0106
  -0.0297
   0.0251
   0.0153
  -0.0152
   0.0721
  -0.1144
  -0.1025
  -0.1466
  -0.0852
  -0.0180
   0.2071
   0.1054
   0.0804
  -0.0186
  -0.0929
  -0.0161
   0.0086
  -0.0042
  -0.0304
  -0.0034
  -0.0515
   0.0007
  -0.2340
  -0.1115
  -0.0729
   0.0263
   0.1309
   0.0084
  -0.0144
   0.0081
  -0.0011
   0.0323
   0.0704
   0.0375
   0.0210
  -0.0387
  -0.0405
  -0.0306
  -0.0037
  -0.0046
   0.0008
   0.0085
   0.0671
   0.0164
  -0.1192
   0.0146
  -0.1088
  -0.0346
   0.0468
   0.0675
  -0.0141
  -0.0079
  -0.0666
  -0.0309
  -0.0027
  -0.0357
  -0.0487
  -0.0020
  -0.0661
   0.0042
  -0.0440
   0.0038
   0.0819
  -0.1685
   0.1597
   0.0291
   0.2096
  -0.0877
   0.0231
  -0.0331
  -0.0365
   0.1119
  -0.1186
