   0.0254
  -0.0569
  -0.1136
  -0.0896
  -0.1857
   0.0120
   0.1620
   0.1063
   0.0394
  -0.1040
  -0.1061
  -0.0473
  -0.0171
   0.0370
  -0.0178
   0.1508
  -0.0081
   0.0280
  -0.1112
  -0.1038
   0.0817
  -0.0213
   0.2033
   0.0734
   0.1544
  -0.0507
   0.0151
   0.0051
   0.0394
   0.0579
   0.0171
  -0.0622
  -0.0153
  -0.0207
   0.0477
   0.0329
  -0.0492
  -0.1173
  -0.1122
  -0.1598
   0.0331
   0.1449
   0.1585
   0.0961
  -0.0079
  -0.0088
  -0.0619
  -0.0339
  -0.0796
  -0.0083
  -0.0141
   0.0220
  -0.1041
  -0.1026
  -0.1330
  -0.0775
  -0.0070
   0.2073
   0.0969
   0.0728
  -0.0229
  -0.1038
  -0.0328
  -0.0788
  -0.0234
  -0.0670
   0.0680
  -0.0160
  -0.0239
  -0.1692
  -0.1016
  -0.0220
   0.0236
   0.1380
   0.0138
  -0.0041
   0.0059
  -0.0096
   0.0237
   0.0578
   0.0276
   0.0044
  -0.0714
  -0.0514
  -0.0663
  -0.0177
  -0.0224
   0.0652
   0.0706
   0.1096
   0.0653
  -0.1187
   0.0216
  -0.1004
  -0.0232
   0.0431
   0.0596
  -0.0225
  -0.0215
  -0.0748
  -0.0437
  -0.0422
  -0.0402
  -0.0576
   0.1146
  -0.0391
   0.0386
  -0.0175
  -0.0600
   0.1057
  -0.1636
   0.1669
   0.0426
   0.2238
  -0.0916
   0.0133
  -0.0412
   0.0937
   0.2094
  -0.1068
