      5590     156284.976797    2553711.961381          6.431727        400.0
      5591     155848.919961    2553431.011682          6.424037        400.0
      5592     155431.031517    2553117.062116          6.086763        400.0
      5593     155087.370126    2552819.976375          5.898547        400.0
      5594     154747.695748    2552486.176423          5.728307        400.0
      5595     154407.053958    2552100.877627          5.104450        400.0
    409308     154470.273387    2552176.504191          5.496815        400.0
    409309     154143.703510    2552877.366828          2.061609        400.0
    409401     154716.289414    2553509.871527          2.031563        400.0
    409402     154885.585338    2553251.446129          1.771769        400.0
    409403     154949.705740    2552751.276075          2.169216        400.0
    409404     155211.985047    2552183.508498          2.150201        400.0
    409405     154475.369822    2553210.527794          2.560364        400.0
    409406     155169.492853    2552457.896485          2.840942        400.0
    409407     154651.630109    2552626.074048          1.322127        400.0
    409501     155775.260515    2552837.502678          2.000676        400.0
    409502     155256.859019    2553749.458436          2.226918        400.0
    409503     155613.204562    2553822.696900          2.349625        400.0
    409504     155420.470872    2552747.991466          1.425243        400.0
    409505     155998.290658    2552499.910134          2.655355        400.0
    409506     155554.434161    2552415.163940          1.832932        400.0
    409507     155320.322092    2553168.353620          0.894146        400.0
    409508     155807.048706    2553147.137212          1.985716        400.0
    409509     155610.485973    2553540.006219          1.530387        400.0
    409601     156050.076864    2554121.160515          2.329872        400.0
    409602     156397.780753    2553416.505371          1.630584        400.0
    409603     156138.369274    2552975.023205          2.360248        400.0
    409604     156830.880099    2552736.326344          2.442761        400.0
    409605     156439.222893    2552621.677984          1.444209        400.0
    409606     156029.924608    2553485.009319          1.585268        400.0
    409607     156569.025549    2553047.820531          2.480803        400.0
    409608     156266.140195    2553952.269875          2.537606        400.0
    940016     155425.647981    2553946.520174          1.985293        400.0
    940017     155847.079646    2552321.190088          2.769729        400.0
    940018     154848.039083    2553662.737402          1.891198        400.0
    940019     154932.101803    2552954.210719          2.804006        400.0
    940020     154842.108954    2552278.004341          1.985960        400.0
    940021     154926.555692    2551864.315322          2.281792        400.0
    940022     154433.541490    2552692.092998          3.014508        400.0
   1340011     154085.578168    2553320.714143          2.215074        400.0
   1340012     154249.867439    2553159.926809          1.254305        400.0
   1340013     154721.783749    2553643.169972          1.701195        400.0
   1340014     154849.396294    2553278.980694          1.999492        400.0
   1340015     155454.300447    2553948.349018          1.885241        400.0
   1340016     155607.288718    2553835.659446          1.794871        400.0
   1340017     156181.836169    2554156.542118          2.538787        400.0
   1340018     156261.671870    2553954.897520          2.667652        400.0
   1450007     154561.768306    2552106.908225          1.799479        400.0
   1450008     154631.679756    2551876.373393          1.444422        400.0
   1450009     155321.741574    2552350.843867          1.496984        400.0
   1450010     155422.696038    2552242.078248          1.584519        400.0
   1450011     155867.338304    2552704.063050          2.159184        400.0
   1450012     155911.851938    2552448.318333          2.426303        400.0
   1450013     156591.853667    2552987.297515          2.252521        400.0
   1450014     156525.019087    2552761.665570          2.499286        400.0
    409601     156050.076864    2554121.160515          2.329872        400.0
    409602     156397.780753    2553416.505371          1.630584        400.0
    409603     156138.369274    2552975.023205          2.360248        400.0
    409604     156830.880099    2552736.326344          2.442761        400.0
    409605     156439.222893    2552621.677984          1.444209        400.0
    409606     156029.924608    2553485.009319          1.585268        400.0
    409607     156569.025549    2553047.820531          2.480803        400.0
    409608     156266.140195    2553952.269875          2.537606        400.0
    940013     156306.653120    2553706.279698          1.746278        400.0
    940014     156006.079526    2553762.621627          2.781621        400.0
    940015     155757.568208    2554151.756767          2.041816        400.0
    940016     155425.647981    2553946.520174          1.985293        400.0
   1450007     154561.768306    2552106.908225          1.799479        400.0
   1450008     154631.679756    2551876.373393          1.444422        400.0
   1450009     155321.741574    2552350.843867          1.496984        400.0
   1450010     155422.696038    2552242.078248          1.584519        400.0
       -99          0.                0.                0.                0.
  4095
  154943.4098   2553686.347   1350.0   153.797      0.      0.    -1.
409306	-81.6441	95.1432	10000
940016	88.5281	100.4155	10000
940018	14.4395	96.0389	10000
1340011	-82.2474	93.7199	10000
1340013	0.0973	99.5544	10000
1340015	91.662	99.3365	10000
409401	-6.4181	85.7325	10000
409502	61.9075	87.1089	10000
     -99        0.        0.          0.