   0.0302
  -0.0167
   0.0085
   0.0204
   0.0780
  -0.1292
   0.0385
  -0.0734
  -0.1967
   0.0851
   0.1065
  -0.1063
  -0.0708
  -0.1633
  -0.2264
   0.0776
  -0.0305
  -0.1042
  -0.1718
   0.0954
  -0.0235
  -0.0036
  -0.1911
  -0.0021
  -0.1195
   0.1766
   0.0359
  -0.0778
  -0.0236
   0.0408
  -0.0370
  -0.0331
   0.1121
  -0.0504
   0.0697
   0.1440
   0.0084
   0.2037
   0.0196
  -0.1016
  -0.0634
  -0.0249
  -0.0519
  -0.2115
   0.0270
  -0.0810
  -0.1963
  -0.0912
   0.0778
   0.0240
  -0.0274
   0.0227
  -0.0952
   0.0536
  -0.0480
  -0.0646
  -0.1841
   0.0531
   0.0671
  -0.0794
  -0.1143
  -0.0706
  -0.1417
   0.0186
   0.0437
  -0.0915
   0.2405
   0.0247
  -0.0270
  -0.2313
  -0.0242
  -0.1922
   0.1715
  -0.0659
  -0.1011
   0.1424
  -0.1076
   0.0839
  -0.0882
   0.0263
   0.0189
  -0.1087
  -0.0107
  -0.0674
  -0.2176
   0.0454
  -0.1583
  -0.0705
   0.0637
  -0.0715
  -0.1517
  -0.1912
  -0.0346
  -0.0408
  -0.0086
  -0.0935
  -0.2379
  -0.1597
  -0.1023
   0.0771
  -0.1274
   0.0173
   0.0430
  -0.1184
   0.0388
   0.0681
  -0.0535
   0.0244
   0.0525
  -0.0459
   0.0757
   0.0389
  -0.0990
  -0.1181
  -0.1043
  -0.0139
   0.0128
  -0.0160
   0.1074
  -0.0969
