   0.0109
  -0.0210
  -0.0125
  -0.0104
   0.0655
  -0.1755
   0.0127
  -0.1125
  -0.3323
   0.0983
  -0.0005
  -0.5313
  -0.0578
  -0.1026
  -0.2979
   0.0995
   0.0080
  -0.1044
  -0.1581
   0.0830
  -0.0271
  -0.0228
  -0.2030
  -0.0120
  -0.1687
   0.1924
   0.0120
  -0.2364
  -0.0198
  -0.0059
  -0.5321
  -0.0642
   0.1637
  -0.1709
   0.0738
   0.1664
  -0.0144
   0.2144
   0.0127
  -0.1032
  -0.0795
  -0.0334
  -0.0560
  -0.2570
   0.0174
  -0.0913
  -0.3517
  -0.0909
   0.0436
  -0.3867
  -0.0318
   0.0449
  -0.2217
   0.0561
  -0.0376
  -0.0970
  -0.1795
   0.0511
   0.0682
  -0.0907
  -0.1164
  -0.0683
  -0.1804
   0.0219
   0.0474
  -0.2387
   0.2367
   0.0318
  -0.4679
  -0.2431
  -0.0286
  -0.3361
   0.1699
  -0.0695
  -0.1416
   0.1404
  -0.1045
   0.0871
  -0.0927
   0.0290
   0.0274
  -0.1343
  -0.0079
  -0.0478
  -0.3460
   0.0490
  -0.1261
  -0.5442
   0.0601
  -0.0944
  -0.2954
  -0.1953
  -0.0512
  -0.0842
  -0.0168
  -0.0837
  -0.2340
  -0.1573
  -0.0920
   0.0887
  -0.1318
   0.0254
   0.0777
  -0.1909
   0.0340
   0.1703
  -0.4968
   0.0021
  -0.0211
  -0.2018
   0.0657
   0.0056
  -0.1440
  -0.1304
  -0.0862
   0.0142
   0.0413
  -0.0343
   0.0841
  -0.1192
