   0.0227
  -0.0542
  -0.1131
  -0.0886
  -0.1823
   0.0147
   0.1760
   0.1092
   0.0420
  -0.1260
  -0.1164
  -0.0606
  -0.0186
   0.0306
  -0.0240
   0.1462
  -0.0153
   0.0214
  -0.1158
  -0.1058
   0.0857
  -0.0193
   0.2038
   0.0783
   0.1582
  -0.0500
   0.0201
   0.0110
  -0.0071
   0.0654
  -0.0113
  -0.0645
  -0.0168
  -0.0267
   0.0456
   0.0267
  -0.0549
  -0.1232
  -0.1133
  -0.1551
   0.0362
   0.1454
   0.1640
   0.1000
  -0.0046
  -0.0038
  -0.0600
  -0.0884
  -0.0802
  -0.0416
  -0.0210
   0.0153
  -0.1140
  -0.1043
  -0.1400
  -0.0833
  -0.0134
   0.2070
   0.1018
   0.0768
  -0.0230
  -0.0980
  -0.0290
  -0.0812
  -0.0181
  -0.0675
   0.0215
  -0.0142
  -0.0354
  -0.1764
  -0.1091
  -0.0321
   0.0225
   0.1309
   0.0083
  -0.0108
   0.0065
  -0.0050
   0.0282
   0.0573
   0.0332
   0.0080
  -0.0773
  -0.0459
  -0.0709
  -0.0240
  -0.0229
  -0.0082
   0.0638
   0.1068
   0.0548
  -0.1194
   0.0137
  -0.1056
  -0.0299
   0.0449
   0.0630
  -0.0182
  -0.0221
  -0.0704
  -0.0411
  -0.0543
  -0.0360
  -0.0679
   0.0640
  -0.0416
   0.0066
  -0.0294
  -0.0729
   0.0915
  -0.1630
   0.1586
   0.0391
   0.2182
  -0.0889
   0.0124
  -0.0599
   0.0681
   0.2021
  -0.1035
