  -0.0194
  -0.0043
  -0.0210
  -0.0308
  -0.0125
  -0.0463
  -0.0258
  -0.0391
  -0.1356
   0.0132
  -0.1070
  -0.4250
   0.0130
   0.0608
  -0.0714
   0.0219
   0.0385
  -0.0003
   0.0138
  -0.0124
  -0.0036
  -0.0192
  -0.0119
  -0.0100
  -0.0491
   0.0158
  -0.0239
  -0.1586
   0.0037
  -0.0466
  -0.4951
  -0.0311
   0.0516
  -0.1206
   0.0040
   0.0224
  -0.0228
   0.0107
  -0.0069
  -0.0015
  -0.0161
  -0.0084
  -0.0042
  -0.0455
  -0.0097
  -0.0103
  -0.1553
   0.0003
  -0.0342
  -0.4107
  -0.0044
   0.0222
  -0.1265
   0.0025
   0.0104
  -0.0324
   0.0046
  -0.0020
   0.0010
  -0.0113
  -0.0021
   0.0023
  -0.0387
   0.0033
   0.0038
  -0.1472
  -0.0038
   0.0071
  -0.4410
  -0.0119
  -0.0045
  -0.1439
  -0.0017
  -0.0036
  -0.0404
  -0.0020
   0.0032
   0.0032
  -0.0045
   0.0027
   0.0085
  -0.0256
   0.0028
   0.0195
  -0.1284
   0.0035
   0.0322
  -0.4737
  -0.0036
  -0.0228
  -0.1437
  -0.0040
  -0.0166
  -0.0435
  -0.0082
   0.0099
   0.0040
   0.0024
   0.0104
   0.0115
  -0.0044
   0.0081
   0.0346
  -0.0725
  -0.0048
   0.1022
  -0.4433
  -0.0224
  -0.0737
  -0.1559
  -0.0100
  -0.0333
  -0.0450
  -0.0123
   0.0181
   0.0281
   0.0285
  -0.0183
  -0.0234
  -0.0222
